     4.00000    -0.55134008E-14
     4.00400    -0.84997078E-14
     4.00800    -0.50242922E-14
     4.01200    -0.79150156E-14
     4.01600    -0.66013448E-14
     4.02000    -0.65711359E-14
     4.02400    -0.66651683E-14
     4.02800    -0.58293591E-14
     4.03200    -0.30756239E-14
     4.03600    -0.48537541E-14
     4.04000    -0.47099163E-14
     4.04400    -0.39812407E-14
     4.04800    -0.29936128E-14
     4.05200    -0.52216146E-14
     4.05600    -0.41070650E-14
     4.06000    -0.38293298E-14
     4.06400    -0.21628544E-14
     4.06800    -0.17806224E-14
     4.07200    -0.53418355E-14
     4.07600    -0.70838954E-14
     4.08000    -0.57623254E-14
     4.08400    -0.58070661E-14
     4.08800    -0.47951130E-14
     4.09200    -0.51712985E-14
     4.09600    -0.55324846E-14
     4.10000    -0.76126263E-14
     4.10400    -0.54550116E-14
     4.10800    -0.51682145E-14
     4.11200    -0.68968027E-14
     4.11600    -0.64737584E-14
     4.12000    -0.63979818E-14
     4.12400    -0.79468958E-14
     4.12800    -0.54965316E-14
     4.13200    -0.69018289E-14
     4.13600    -0.64832384E-14
     4.14000    -0.66374043E-14
     4.14400    -0.88783785E-14
     4.14800    -0.96096267E-14
     4.15200    -0.79329099E-14
     4.15600    -0.77842686E-14
     4.16000    -0.91558734E-14
     4.16400    -0.86803065E-14
     4.16800    -0.95028541E-14
     4.17200    -0.87770118E-14
     4.17600    -0.97840212E-14
     4.18000    -0.10581792E-13
     4.18400    -0.10034993E-13
     4.18800    -0.10888661E-13
     4.19200    -0.99127115E-14
     4.19600    -0.94852770E-14
     4.20000    -0.11021445E-13
     4.20400    -0.99573338E-14
     4.20800    -0.85727871E-14
     4.21200    -0.11177278E-13
     4.21600    -0.10044023E-13
     4.22000    -0.11291320E-13
     4.22400    -0.11479975E-13
     4.22800    -0.89956603E-14
     4.23200    -0.12378632E-13
     4.23600    -0.10727903E-13
     4.24000    -0.10926603E-13
     4.24400    -0.12239086E-13
     4.24800    -0.97258398E-14
     4.25200    -0.12779915E-13
     4.25600    -0.12733790E-13
     4.26000    -0.12609397E-13
     4.26400    -0.14467136E-13
     4.26800    -0.13281597E-13
     4.27200    -0.11463746E-13
     4.27600    -0.12733552E-13
     4.28000    -0.12895558E-13
     4.28400    -0.13667911E-13
     4.28800    -0.15449585E-13
     4.29200    -0.14323037E-13
     4.29600    -0.13940496E-13
     4.30000    -0.15419297E-13
     4.30400    -0.16122717E-13
     4.30800    -0.14182381E-13
     4.31200    -0.14572802E-13
     4.31600    -0.13835094E-13
     4.32000    -0.96247779E-14
     4.32400     0.57958494E-14
     4.32800     0.41515198E-13
     4.33200     0.13291024E-12
     4.33600     0.36400376E-12
     4.34000     0.91690351E-12
     4.34400     0.22672602E-11
     4.34800     0.54962223E-11
     4.35200     0.13090883E-10
     4.35600     0.30727289E-10
     4.36000     0.71105273E-10
     4.36400     0.16226429E-09
     4.36800     0.36519501E-09
     4.37200     0.81065962E-09
     4.37600     0.17748867E-08
     4.38000     0.38328902E-08
     4.38400     0.81640723E-08
     4.38800     0.17151949E-07
     4.39200     0.35542457E-07
     4.39600     0.72645680E-07
     4.40000     0.14645406E-06
     4.40400     0.29122141E-06
     4.40800     0.57118440E-06
     4.41200     0.11049981E-05
     4.41600     0.21085308E-05
     4.42000     0.39685570E-05
     4.42400     0.73675097E-05
     4.42800     0.13491040E-04
     4.43200     0.24367337E-04
     4.43600     0.43412015E-04
     4.44000     0.76287351E-04
     4.44400     0.13223224E-03
     4.44800     0.22608205E-03
     4.45200     0.38127686E-03
     4.45600     0.63425276E-03
     4.46000     0.10407200E-02
     4.46400     0.16844467E-02
     4.46800     0.26892730E-02
     4.47200     0.42351561E-02
     4.47600     0.65790584E-02
     4.48000     0.10081405E-01
     4.48400     0.15238593E-01
     4.48800     0.22721612E-01
     4.49200     0.33420133E-01
     4.49600     0.48490526E-01
     4.50000     0.69405006E-01
     4.50400     0.97997743E-01
     4.50800     0.13650224    
     4.51200     0.18757284    
     4.51600     0.25428210    
     4.52000     0.34008529    
     4.52400     0.44874367    
     4.52800     0.58419978    
     4.53200     0.75040108    
     4.53600     0.95107271    
     4.54000      1.1894459    
     4.54400      1.4679553    
     4.54800      1.7879250    
     4.55200      2.1492698    
     4.55600      2.5502422    
     4.56000      2.9872573    
     4.56400      3.4548264    
     4.56800      3.9456241    
     4.57200      4.4507031    
     4.57600      4.9598596    
     4.58000      5.4621332    
     4.58400      5.9464149    
     4.58800      6.4021157    
     4.59200      6.8198433    
     4.59600      7.1920261    
     4.60000      7.5134253    
     4.60400      7.7814841    
     4.60800      7.9964774    
     4.61200      8.1614438    
     4.61600      8.2819040    
     4.62000      8.3653903    
     4.62400      8.4208323    
     4.62800      8.4578554    
     4.63200      8.4860593    
     4.63600      8.5143412    
     4.64000      8.5503220    
     4.64400      8.5999239    
     4.64800      8.6671253    
     4.65200      8.7539067    
     4.65600      8.8603781    
     4.66000      8.9850630    
     4.66400      9.1253034    
     4.66800      9.2777401    
     4.67200      9.4388195    
     4.67600      9.6052802    
     4.68000      9.7745781    
     4.68400      9.9452145    
     4.68800      10.116945    
     4.69200      10.290855    
     4.69600      10.469303    
     4.70000      10.655731    
     4.70400      10.854376    
     4.70800      11.069896    
     4.71200      11.306942    
     4.71600      11.569722    
     4.72000      11.861582    
     4.72400      12.184649    
     4.72800      12.539561    
     4.73200      12.925308    
     4.73600      13.339203    
     4.74000      13.776987    
     4.74400      14.233051    
     4.74800      14.700769    
     4.75200      15.172903    
     4.75600      15.642054    
     4.76000      16.101098    
     4.76400      16.543593    
     4.76800      16.964105    
     4.77200      17.358428    
     4.77600      17.723690    
     4.78000      18.058339    
     4.78400      18.362019    
     4.78800      18.635367    
     4.79200      18.879751    
     4.79600      19.096996    
     4.80000      19.289124    
     4.80400      19.458136    
     4.80800      19.605869    
     4.81200      19.733916    
     4.81600      19.843628    
     4.82000      19.936172    
     4.82400      20.012629    
     4.82800      20.074117    
     4.83200      20.121902    
     4.83600      20.157489    
     4.84000      20.182674    
     4.84400      20.199547    
     4.84800      20.210460    
     4.85200      20.217944    
     4.85600      20.224612    
     4.86000      20.233037    
     4.86400      20.245636    
     4.86800      20.264564    
     4.87200      20.291623    
     4.87600      20.328203    
     4.88000      20.375243    
     4.88400      20.433220    
     4.88800      20.502164    
     4.89200      20.581693    
     4.89600      20.671057    
     4.90000      20.769206    
     4.90400      20.874854    
     4.90800      20.986558    
     4.91200      21.102792    
     4.91600      21.222012    
     4.92000      21.342723    
     4.92400      21.463529    
     4.92800      21.583158    
     4.93200      21.700485    
     4.93600      21.814521    
     4.94000      21.924389    
     4.94400      22.029287    
     4.94800      22.128441    
     4.95200      22.221054    
     4.95600      22.306269    
     4.96000      22.383137    
     4.96400      22.450609    
     4.96800      22.507563    
     4.97200      22.552833    
     4.97600      22.585281    
     4.98000      22.603872    
     4.98400      22.607752    
     4.98800      22.596333    
     4.99200      22.569349    
     4.99600      22.526898    
     5.00000      22.469455    
     5.00400      22.397848    
     5.00800      22.313217    
     5.01200      22.216940    
     5.01600      22.110551    
     5.02000      21.995654    
     5.02400      21.873835    
     5.02800      21.746598    
     5.03200      21.615307    
     5.03600      21.481158    
     5.04000      21.345164    
     5.04400      21.208164    
     5.04800      21.070837    
     5.05200      20.933731    
     5.05600      20.797286    
     5.06000      20.661861    
     5.06400      20.527753    
     5.06800      20.395206    
     5.07200      20.264423    
     5.07600      20.135563    
     5.08000      20.008740    
     5.08400      19.884018    
     5.08800      19.761409    
     5.09200      19.640870    
     5.09600      19.522299    
     5.10000      19.405537    
     5.10400      19.290368    
     5.10800      19.176516    
     5.11200      19.063654    
     5.11600      18.951401    
     5.12000      18.839330    
     5.12400      18.726970    
     5.12800      18.613819    
     5.13200      18.499358    
     5.13600      18.383059    
     5.14000      18.264414    
     5.14400      18.142944    
     5.14800      18.018229    
     5.15200      17.889915    
     5.15600      17.757736    
     5.16000      17.621516    
     5.16400      17.481176    
     5.16800      17.336721    
     5.17200      17.188238    
     5.17600      17.035876    
     5.18000      16.879830    
     5.18400      16.720327    
     5.18800      16.557605    
     5.19200      16.391910    
     5.19600      16.223483    
     5.20000      16.052564    
     5.20400      15.879394    
     5.20800      15.704219    
     5.21200      15.527297    
     5.21600      15.348909    
     5.22000      15.169354    
     5.22400      14.988957    
     5.22800      14.808061    
     5.23200      14.627020    
     5.23600      14.446189    
     5.24000      14.265910    
     5.24400      14.086507    
     5.24800      13.908265    
     5.25200      13.731434    
     5.25600      13.556215    
     5.26000      13.382765    
     5.26400      13.211194    
     5.26800      13.041574    
     5.27200      12.873937    
     5.27600      12.708286    
     5.28000      12.544599    
     5.28400      12.382832    
     5.28800      12.222922    
     5.29200      12.064795    
     5.29600      11.908364    
     5.30000      11.753531    
     5.30400      11.600194    
     5.30800      11.448245    
     5.31200      11.297577    
     5.31600      11.148082    
     5.32000      10.999660    
     5.32400      10.852215    
     5.32800      10.705662    
     5.33200      10.559925    
     5.33600      10.414937    
     5.34000      10.270641    
     5.34400      10.126987    
     5.34800      9.9839338    
     5.35200      9.8414456    
     5.35600      9.6994925    
     5.36000      9.5580515    
     5.36400      9.4171068    
     5.36800      9.2766518    
     5.37200      9.1366909    
     5.37600      8.9972409    
     5.38000      8.8583328    
     5.38400      8.7200115    
     5.38800      8.5823362    
     5.39200      8.4453778    
     5.39600      8.3092171    
     5.40000      8.1739413    
     5.40400      8.0396406    
     5.40800      7.9064042    
     5.41200      7.7743178    
     5.41600      7.6434612    
     5.42000      7.5139064    
     5.42400      7.3857174    
     5.42800      7.2589501    
     5.43200      7.1336534    
     5.43600      7.0098699    
     5.44000      6.8876368    
     5.44400      6.7669873    
     5.44800      6.6479500    
     5.45200      6.5305498    
     5.45600      6.4148069    
     5.46000      6.3007365    
     5.46400      6.1883481    
     5.46800      6.0776447    
     5.47200      5.9686228    
     5.47600      5.8612724    
     5.48000      5.7555772    
     5.48400      5.6515157    
     5.48800      5.5490619    
     5.49200      5.4481862    
     5.49600      5.3488567    
     5.50000      5.2510398    
     5.50400      5.1547011    
     5.50800      5.0598057    
     5.51200      4.9663189    
     5.51600      4.8742063    
     5.52000      4.7834342    
     5.52400      4.6939696    
     5.52800      4.6057809    
     5.53200      4.5188381    
     5.53600      4.4331133    
     5.54000      4.3485812    
     5.54400      4.2652193    
     5.54800      4.1830082    
     5.55200      4.1019318    
     5.55600      4.0219772    
     5.56000      3.9431343    
     5.56400      3.8653954    
     5.56800      3.7887549    
     5.57200      3.7132088    
     5.57600      3.6387537    
     5.58000      3.5653873    
     5.58400      3.4931074    
     5.58800      3.4219119    
     5.59200      3.3517992    
     5.59600      3.2827678    
     5.60000      3.2148168    
     5.60400      3.1479454    
     5.60800      3.0821537    
     5.61200      3.0174417    
     5.61600      2.9538099    
     5.62000      2.8912585    
     5.62400      2.8297873    
     5.62800      2.7693950    
     5.63200      2.7100794    
     5.63600      2.6518366    
     5.64000      2.5946612    
     5.64400      2.5385459    
     5.64800      2.4834821    
     5.65200      2.4294595    
     5.65600      2.3764666    
     5.66000      2.3244909    
     5.66400      2.2735188    
     5.66800      2.2235365    
     5.67200      2.1745292    
     5.67600      2.1264819    
     5.68000      2.0793792    
     5.68400      2.0332050    
     5.68800      1.9879432    
     5.69200      1.9435771    
     5.69600      1.9000899    
     5.70000      1.8574645    
     5.70400      1.8156837    
     5.70800      1.7747306    
     5.71200      1.7345884    
     5.71600      1.6952405    
     5.72000      1.6566709    
     5.72400      1.6188641    
     5.72800      1.5818049    
     5.73200      1.5454789    
     5.73600      1.5098720    
     5.74000      1.4749708    
     5.74400      1.4407622    
     5.74800      1.4072335    
     5.75200      1.3743726    
     5.75600      1.3421677    
     5.76000      1.3106076    
     5.76400      1.2796814    
     5.76800      1.2493789    
     5.77200      1.2196902    
     5.77600      1.1906059    
     5.78000      1.1621171    
     5.78400      1.1342151    
     5.78800      1.1068916    
     5.79200      1.0801385    
     5.79600      1.0539479    
     5.80000      1.0283117    
     5.80400      1.0032221    
     5.80800     0.97867099    
     5.81200     0.95465048    
     5.81600     0.93115247    
     5.82000     0.90816884    
     5.82400     0.88569149    
     5.82800     0.86371229    
     5.83200     0.84222312    
     5.83600     0.82121587    
     5.84000     0.80068243    
     5.84400     0.78061470    
     5.84800     0.76100452    
     5.85200     0.74184371    
     5.85600     0.72312401    
     5.86000     0.70483709    
     5.86400     0.68697459    
     5.86800     0.66952807    
     5.87200     0.65248909    
     5.87600     0.63584919    
     5.88000     0.61959997    
     5.88400     0.60373308    
     5.88800     0.58824026    
     5.89200     0.57311337    
     5.89600     0.55834437    
     5.90000     0.54392538    
     5.90400     0.52984861    
     5.90800     0.51610644    
     5.91200     0.50269137    
     5.91600     0.48959605    
     5.92000     0.47681326    
     5.92400     0.46433595    
     5.92800     0.45215722    
     5.93200     0.44027035    
     5.93600     0.42866877    
     5.94000     0.41734612    
     5.94400     0.40629620    
     5.94800     0.39551299    
     5.95200     0.38499066    
     5.95600     0.37472350    
     5.96000     0.36470599    
     5.96400     0.35493272    
     5.96800     0.34539844    
     5.97200     0.33609800    
     5.97600     0.32702637    
     5.98000     0.31817863    
     5.98400     0.30954998    
     5.98800     0.30113571    
     5.99200     0.29293123    
     5.99600     0.28493204    
     6.00000     0.27713373    
     6.00400     0.26953201    
     6.00800     0.26212264    
     6.01200     0.25490148    
     6.01600     0.24786445    
     6.02000     0.24100753    
     6.02400     0.23432677    
     6.02800     0.22781824    
     6.03200     0.22147810    
     6.03600     0.21530253    
     6.04000     0.20928778    
     6.04400     0.20343012    
     6.04800     0.19772591    
     6.05200     0.19217154    
     6.05600     0.18676349    
     6.06000     0.18149827    
     6.06400     0.17637246    
     6.06800     0.17138270    
     6.07200     0.16652570    
     6.07600     0.16179819    
     6.08000     0.15719701    
     6.08400     0.15271901    
     6.08800     0.14836112    
     6.09200     0.14412033    
     6.09600     0.13999368    
     6.10000     0.13597828    
     6.10400     0.13207130    
     6.10800     0.12826998    
     6.11200     0.12457161    
     6.11600     0.12097357    
     6.12000     0.11747328    
     6.12400     0.11406823    
     6.12800     0.11075600    
     6.13200     0.10753418    
     6.13600     0.10440047    
     6.14000     0.10135259    
     6.14400     0.98388344E-01
     6.14800     0.95505575E-01
     6.15200     0.92702189E-01
     6.15600     0.89976145E-01
     6.16000     0.87325455E-01
     6.16400     0.84748184E-01
     6.16800     0.82242448E-01
     6.17200     0.79806411E-01
     6.17600     0.77438285E-01
     6.18000     0.75136328E-01
     6.18400     0.72898840E-01
     6.18800     0.70724164E-01
     6.19200     0.68610681E-01
     6.19600     0.66556812E-01
     6.20000     0.64561013E-01
     6.20400     0.62621776E-01
     6.20800     0.60737630E-01
     6.21200     0.58907135E-01
     6.21600     0.57128888E-01
     6.22000     0.55401516E-01
     6.22400     0.53723679E-01
     6.22800     0.52094069E-01
     6.23200     0.50511407E-01
     6.23600     0.48974443E-01
     6.24000     0.47481958E-01
     6.24400     0.46032758E-01
     6.24800     0.44625677E-01
     6.25200     0.43259573E-01
     6.25600     0.41933333E-01
     6.26000     0.40645867E-01
     6.26400     0.39396112E-01
     6.26800     0.38183028E-01
     6.27200     0.37005601E-01
     6.27600     0.35862842E-01
     6.28000     0.34753786E-01
     6.28400     0.33677492E-01
     6.28800     0.32633042E-01
     6.29200     0.31619543E-01
     6.29600     0.30636124E-01
     6.30000     0.29681936E-01
     6.30400     0.28756151E-01
     6.30800     0.27857965E-01
     6.31200     0.26986594E-01
     6.31600     0.26141273E-01
     6.32000     0.25321259E-01
     6.32400     0.24525831E-01
     6.32800     0.23754283E-01
     6.33200     0.23005933E-01
     6.33600     0.22280116E-01
     6.34000     0.21576186E-01
     6.34400     0.20893513E-01
     6.34800     0.20231489E-01
     6.35200     0.19589518E-01
     6.35600     0.18967024E-01
     6.36000     0.18363446E-01
     6.36400     0.17778238E-01
     6.36800     0.17210871E-01
     6.37200     0.16660827E-01
     6.37600     0.16127606E-01
     6.38000     0.15610721E-01
     6.38400     0.15109698E-01
     6.38800     0.14624076E-01
     6.39200     0.14153407E-01
     6.39600     0.13697257E-01
     6.40000     0.13255201E-01
     6.40400     0.12826829E-01
     6.40800     0.12411740E-01
     6.41200     0.12009544E-01
     6.41600     0.11619862E-01
     6.42000     0.11242326E-01
     6.42400     0.10876578E-01
     6.42800     0.10522269E-01
     6.43200     0.10179058E-01
     6.43600     0.98466168E-02
     6.44000     0.95246233E-02
     6.44400     0.92127657E-02
     6.44800     0.89107404E-02
     6.45200     0.86182521E-02
     6.45600     0.83350139E-02
     6.46000     0.80607468E-02
     6.46400     0.77951796E-02
     6.46800     0.75380486E-02
     6.47200     0.72890976E-02
     6.47600     0.70480773E-02
     6.48000     0.68147458E-02
     6.48400     0.65888678E-02
     6.48800     0.63702147E-02
     6.49200     0.61585648E-02
     6.49600     0.59537024E-02
     6.50000     0.57554182E-02
     6.50400     0.55635093E-02
     6.50800     0.53777782E-02
     6.51200     0.51980339E-02
     6.51600     0.50240905E-02
     6.52000     0.48557678E-02
     6.52400     0.46928911E-02
     6.52800     0.45352907E-02
     6.53200     0.43828020E-02
     6.53600     0.42352655E-02
     6.54000     0.40925262E-02
     6.54400     0.39544341E-02
     6.54800     0.38208435E-02
     6.55200     0.36916132E-02
     6.55600     0.35666063E-02
     6.56000     0.34456900E-02
     6.56400     0.33287357E-02
     6.56800     0.32156184E-02
     6.57200     0.31062173E-02
     6.57600     0.30004149E-02
     6.58000     0.28980976E-02
     6.58400     0.27991551E-02
     6.58800     0.27034804E-02
     6.59200     0.26109699E-02
     6.59600     0.25215229E-02
     6.60000     0.24350421E-02
     6.60400     0.23514329E-02
     6.60800     0.22706036E-02
     6.61200     0.21924655E-02
     6.61600     0.21169324E-02
     6.62000     0.20439208E-02
     6.62400     0.19733499E-02
     6.62800     0.19051410E-02
     6.63200     0.18392182E-02
     6.63600     0.17755078E-02
     6.64000     0.17139381E-02
     6.64400     0.16544400E-02
     6.64800     0.15969463E-02
     6.65200     0.15413918E-02
     6.65600     0.14877134E-02
     6.66000     0.14358500E-02
     6.66400     0.13857424E-02
     6.66800     0.13373331E-02
     6.67200     0.12905665E-02
     6.67600     0.12453887E-02
     6.68000     0.12017475E-02
     6.68400     0.11595924E-02
     6.68800     0.11188744E-02
     6.69200     0.10795460E-02
     6.69600     0.10415613E-02
     6.70000     0.10048759E-02
     6.70400     0.96944672E-03
     6.70800     0.93523201E-03
     6.71200     0.90219145E-03
     6.71600     0.87028595E-03
     6.72000     0.83947771E-03
     6.72400     0.80973012E-03
     6.72800     0.78100777E-03
     6.73200     0.75327639E-03
     6.73600     0.72650281E-03
     6.74000     0.70065495E-03
     6.74400     0.67570177E-03
     6.74800     0.65161321E-03
     6.75200     0.62836023E-03
     6.75600     0.60591472E-03
     6.76000     0.58424946E-03
     6.76400     0.56333817E-03
     6.76800     0.54315538E-03
     6.77200     0.52367648E-03
     6.77600     0.50487767E-03
     6.78000     0.48673592E-03
     6.78400     0.46922895E-03
     6.78800     0.45233522E-03
     6.79200     0.43603392E-03
     6.79600     0.42030488E-03
     6.80000     0.40512862E-03
     6.80400     0.39048631E-03
     6.80800     0.37635972E-03
     6.81200     0.36273123E-03
     6.81600     0.34958381E-03
     6.82000     0.33690096E-03
     6.82400     0.32466676E-03
     6.82800     0.31286581E-03
     6.83200     0.30148321E-03
     6.83600     0.29050455E-03
     6.84000     0.27991592E-03
     6.84400     0.26970385E-03
     6.84800     0.25985534E-03
     6.85200     0.25035780E-03
     6.85600     0.24119907E-03
     6.86000     0.23236741E-03
     6.86400     0.22385146E-03
     6.86800     0.21564023E-03
     6.87200     0.20772312E-03
     6.87600     0.20008987E-03
     6.88000     0.19273058E-03
     6.88400     0.18563567E-03
     6.88800     0.17879589E-03
     6.89200     0.17220230E-03
     6.89600     0.16584627E-03
     6.90000     0.15971946E-03
     6.90400     0.15381382E-03
     6.90800     0.14812155E-03
     6.91200     0.14263516E-03
     6.91600     0.13734737E-03
     6.92000     0.13225117E-03
     6.92400     0.12733980E-03
     6.92800     0.12260672E-03
     6.93200     0.11804562E-03
     6.93600     0.11365040E-03
     6.94000     0.10941517E-03
     6.94400     0.10533426E-03
     6.94800     0.10140218E-03
     6.95200     0.97613628E-04
     6.95600     0.93963501E-04
     6.96000     0.90446862E-04
     6.96400     0.87058948E-04
     6.96800     0.83795163E-04
     6.97200     0.80651068E-04
     6.97600     0.77622381E-04
     6.98000     0.74704970E-04
     6.98400     0.71894844E-04
     6.98800     0.69188154E-04
     6.99200     0.66581185E-04
     6.99600     0.64070351E-04
     7.00000     0.61652193E-04
     7.00400     0.59323372E-04
     7.00800     0.57080666E-04
     7.01200     0.54920968E-04
     7.01600     0.52841278E-04
     7.02000     0.50838703E-04
     7.02400     0.48910451E-04
     7.02800     0.47053828E-04
     7.03200     0.45266237E-04
     7.03600     0.43545169E-04
     7.04000     0.41888208E-04
     7.04400     0.40293020E-04
     7.04800     0.38757355E-04
     7.05200     0.37279043E-04
     7.05600     0.35855989E-04
     7.06000     0.34486176E-04
     7.06400     0.33167656E-04
     7.06800     0.31898551E-04
     7.07200     0.30677050E-04
     7.07600     0.29501406E-04
     7.08000     0.28369936E-04
     7.08400     0.27281016E-04
     7.08800     0.26233080E-04
     7.09200     0.25224620E-04
     7.09600     0.24254179E-04
     7.10000     0.23320355E-04
     7.10400     0.22421795E-04
     7.10800     0.21557196E-04
     7.11200     0.20725300E-04
     7.11600     0.19924898E-04
     7.12000     0.19154820E-04
     7.12400     0.18413943E-04
     7.12800     0.17701181E-04
     7.13200     0.17015490E-04
     7.13600     0.16355862E-04
     7.14000     0.15721328E-04
     7.14400     0.15110952E-04
     7.14800     0.14523832E-04
     7.15200     0.13959102E-04
     7.15600     0.13415923E-04
     7.16000     0.12893492E-04
     7.16400     0.12391030E-04
     7.16800     0.11907790E-04
     7.17200     0.11443052E-04
     7.17600     0.10996121E-04
     7.18000     0.10566329E-04
     7.18400     0.10153032E-04
     7.18800     0.97556083E-05
     7.19200     0.93734618E-05
     7.19600     0.90060164E-05
     7.20000     0.86527179E-05
     7.20400     0.83130323E-05
     7.20800     0.79864454E-05
     7.21200     0.76724622E-05
     7.21600     0.73706058E-05
     7.22000     0.70804169E-05
     7.22400     0.68014534E-05
     7.22800     0.65332894E-05
     7.23200     0.62755150E-05
     7.23600     0.60277355E-05
     7.24000     0.57895706E-05
     7.24400     0.55606546E-05
     7.24800     0.53406349E-05
     7.25200     0.51291726E-05
     7.25600     0.49259410E-05
     7.26000     0.47306257E-05
     7.26400     0.45429242E-05
     7.26800     0.43625452E-05
     7.27200     0.41892084E-05
     7.27600     0.40226437E-05
     7.28000     0.38625916E-05
     7.28400     0.37088021E-05
     7.28800     0.35610344E-05
     7.29200     0.34190572E-05
     7.29600     0.32826475E-05
     7.30000     0.31515910E-05
     7.30400     0.30256813E-05
     7.30800     0.29047200E-05
     7.31200     0.27885159E-05
     7.31600     0.26768853E-05
     7.32000     0.25696514E-05
     7.32400     0.24666440E-05
     7.32800     0.23676994E-05
     7.33200     0.22726601E-05
     7.33600     0.21813748E-05
     7.34000     0.20936977E-05
     7.34400     0.20094886E-05
     7.34800     0.19286128E-05
     7.35200     0.18509405E-05
     7.35600     0.17763470E-05
     7.36000     0.17047124E-05
     7.36400     0.16359213E-05
     7.36800     0.15698627E-05
     7.37200     0.15064300E-05
     7.37600     0.14455206E-05
     7.38000     0.13870357E-05
     7.38400     0.13308805E-05
     7.38800     0.12769637E-05
     7.39200     0.12251977E-05
     7.39600     0.11754980E-05
     7.40000     0.11277836E-05
     7.40400     0.10819764E-05
     7.40800     0.10380016E-05
     7.41200     0.99578698E-06
     7.41600     0.95526331E-06
     7.42000     0.91636395E-06
     7.42400     0.87902487E-06
     7.42800     0.84318452E-06
     7.43200     0.80878372E-06
     7.43600     0.77576560E-06
     7.44000     0.74407547E-06
     7.44400     0.71366080E-06
     7.44800     0.68447107E-06
     7.45200     0.65645775E-06
     7.45600     0.62957417E-06
     7.46000     0.60377552E-06
     7.46400     0.57901868E-06
     7.46800     0.55526227E-06
     7.47200     0.53246648E-06
     7.47600     0.51059311E-06
     7.48000     0.48960537E-06
     7.48400     0.46946800E-06
     7.48800     0.45014705E-06
     7.49200     0.43160996E-06
     7.49600     0.41382540E-06
     7.50000     0.39676328E-06
     7.50400     0.38039474E-06
     7.50800     0.36469196E-06
     7.51200     0.34962832E-06
     7.51600     0.33517818E-06
     7.52000     0.32131692E-06
     7.52400     0.30802093E-06
     7.52800     0.29526748E-06
     7.53200     0.28303477E-06
     7.53600     0.27130185E-06
     7.54000     0.26004861E-06
     7.54400     0.24925574E-06
     7.54800     0.23890465E-06
     7.55200     0.22897756E-06
     7.55600     0.21945734E-06
     7.56000     0.21032755E-06
     7.56400     0.20157244E-06
     7.56800     0.19317682E-06
     7.57200     0.18512619E-06
     7.57600     0.17740654E-06
     7.58000     0.17000448E-06
     7.58400     0.16290712E-06
     7.58800     0.15610211E-06
     7.59200     0.14957758E-06
     7.59600     0.14332212E-06
     7.60000     0.13732482E-06
     7.60400     0.13157516E-06
     7.60800     0.12606306E-06
     7.61200     0.12077885E-06
     7.61600     0.11571324E-06
     7.62000     0.11085731E-06
     7.62400     0.10620251E-06
     7.62800     0.10174062E-06
     7.63200     0.97463769E-07
     7.63600     0.93364378E-07
     7.64000     0.89435191E-07
     7.64400     0.85669242E-07
     7.64800     0.82059834E-07
     7.65200     0.78600565E-07
     7.65600     0.75285260E-07
     7.66000     0.72108024E-07
     7.66400     0.69063176E-07
     7.66800     0.66145280E-07
     7.67200     0.63349109E-07
     7.67600     0.60669658E-07
     7.68000     0.58102127E-07
     7.68400     0.55641888E-07
     7.68800     0.53284535E-07
     7.69200     0.51025813E-07
     7.69600     0.48861647E-07
     7.70000     0.46788142E-07
     7.70400     0.44801542E-07
     7.70800     0.42898261E-07
     7.71200     0.41074841E-07
     7.71600     0.39327982E-07
     7.72000     0.37654501E-07
     7.72400     0.36051370E-07
     7.72800     0.34515661E-07
     7.73200     0.33044580E-07
     7.73600     0.31635444E-07
     7.74000     0.30285670E-07
     7.74400     0.28992797E-07
     7.74800     0.27754450E-07
     7.75200     0.26568360E-07
     7.75600     0.25432364E-07
     7.76000     0.24344351E-07
     7.76400     0.23302344E-07
     7.76800     0.22304398E-07
     7.77200     0.21348692E-07
     7.77600     0.20433453E-07
     7.78000     0.19556986E-07
     7.78400     0.18717677E-07
     7.78800     0.17913967E-07
     7.79200     0.17144365E-07
     7.79600     0.16407438E-07
     7.80000     0.15701820E-07
     7.80400     0.15026199E-07
     7.80800     0.14379311E-07
     7.81200     0.13759949E-07
     7.81600     0.13166963E-07
     7.82000     0.12599237E-07
     7.82400     0.12055706E-07
     7.82800     0.11535357E-07
     7.83200     0.11037216E-07
     7.83600     0.10560336E-07
     7.84000     0.10103838E-07
     7.84400     0.96668347E-08
     7.84800     0.92485370E-08
     7.85200     0.88481213E-08
     7.85600     0.84648621E-08
     7.86000     0.80980022E-08
     7.86400     0.77468768E-08
     7.86800     0.74108112E-08
     7.87200     0.70891461E-08
     7.87600     0.67813061E-08
     7.88000     0.64866668E-08
     7.88400     0.62047093E-08
     7.88800     0.59348518E-08
     7.89200     0.56766148E-08
     7.89600     0.54294976E-08
     7.90000     0.51930031E-08
     7.90400     0.49667144E-08
     7.90800     0.47501672E-08
     7.91200     0.45429667E-08
     7.91600     0.43447101E-08
     7.92000     0.41550005E-08
     7.92400     0.39734970E-08
     7.92800     0.37998263E-08
     7.93200     0.36336725E-08
     7.93600     0.34746983E-08
     7.94000     0.33226166E-08
     7.94400     0.31771111E-08
     7.94800     0.30379196E-08
     7.95200     0.29047564E-08
     7.95600     0.27773684E-08
     7.96000     0.26555048E-08
     7.96400     0.25389440E-08
     7.96800     0.24274314E-08
     7.97200     0.23207778E-08
     7.97600     0.22187517E-08
     7.98000     0.21211713E-08
     7.98400     0.20278367E-08
     7.98800     0.19385621E-08
     7.99200     0.18531835E-08
     7.99600     0.17715181E-08
     8.00000     0.16934201E-08
     8.00400     0.16187307E-08
     8.00800     0.15472972E-08
     8.01200     0.14789911E-08
     8.01600     0.14136592E-08
     8.02000     0.13511948E-08
     8.02400     0.12914562E-08
     8.02800     0.12343312E-08
     8.03200     0.11797128E-08
     8.03600     0.11274815E-08
     8.04000     0.10775430E-08
     8.04400     0.10297949E-08
     8.04800     0.98413914E-09
     8.05200     0.94048755E-09
     8.05600     0.89875461E-09
     8.06000     0.85886078E-09
     8.06400     0.82070817E-09
     8.06800     0.78423827E-09
     8.07200     0.74937445E-09
     8.07600     0.71603861E-09
     8.08000     0.68418427E-09
     8.08400     0.65372043E-09
     8.08800     0.62460840E-09
     8.09200     0.59677195E-09
     8.09600     0.57016982E-09
     8.10000     0.54474250E-09
     8.10400     0.52043395E-09
     8.10800     0.49720313E-09
     8.11200     0.47499790E-09
     8.11600     0.45377722E-09
     8.12000     0.43349227E-09
     8.12400     0.41410437E-09
     8.12800     0.39557762E-09
     8.13200     0.37787056E-09
     8.13600     0.36094651E-09
     8.14000     0.34478281E-09
     8.14400     0.32932720E-09
     8.14800     0.31455909E-09
     8.15200     0.30044924E-09
     8.15600     0.28696394E-09
     8.16000     0.27408135E-09
     8.16400     0.26177529E-09
     8.16800     0.25000963E-09
     8.17200     0.23876906E-09
     8.17600     0.22802476E-09
     8.18000     0.21776657E-09
     8.18400     0.20796894E-09
     8.18800     0.19859485E-09
     8.19200     0.18965486E-09
     8.19600     0.18110710E-09
     8.20000     0.17293159E-09
     8.20400     0.16513943E-09
     8.20800     0.15768158E-09
     8.21200     0.15056352E-09
     8.21600     0.14376578E-09
     8.22000     0.13726436E-09
     8.22400     0.13106626E-09
     8.22800     0.12513514E-09
     8.23200     0.11947051E-09
     8.23600     0.11406670E-09
     8.24000     0.10889503E-09
     8.24400     0.10396160E-09
     8.24800     0.99248635E-10
     8.25200     0.94753574E-10
     8.25600     0.90456226E-10
     8.26000     0.86345119E-10
     8.26400     0.82430461E-10
     8.26800     0.78684932E-10
     8.27200     0.75104412E-10
     8.27600     0.71698823E-10
     8.28000     0.68429121E-10
     8.28400     0.65318372E-10
     8.28800     0.62345633E-10
     8.29200     0.59502717E-10
     8.29600     0.56792261E-10
     8.30000     0.54205438E-10
     8.30400     0.51735369E-10
     8.30800     0.49371443E-10
     8.31200     0.47117319E-10
     8.31600     0.44970812E-10
     8.32000     0.42911463E-10
     8.32400     0.40953435E-10
     8.32800     0.39079127E-10
     8.33200     0.37296613E-10
     8.33600     0.35588968E-10
     8.34000     0.33961546E-10
     8.34400     0.32406725E-10
     8.34800     0.30921889E-10
     8.35200     0.29506823E-10
     8.35600     0.28149250E-10
     8.36000     0.26861044E-10
     8.36400     0.25633585E-10
     8.36800     0.24450928E-10
     8.37200     0.23333325E-10
     8.37600     0.22263833E-10
     8.38000     0.21239248E-10
     8.38400     0.20263345E-10
     8.38800     0.19329735E-10
     8.39200     0.18446129E-10
     8.39600     0.17590000E-10
     8.40000     0.16786335E-10
     8.40400     0.16011741E-10
     8.40800     0.15272317E-10
     8.41200     0.14572357E-10
     8.41600     0.13891140E-10
     8.42000     0.13261000E-10
     8.42400     0.12643461E-10
     8.42800     0.12057431E-10
     8.43200     0.11509269E-10
     8.43600     0.10969020E-10
     8.44000     0.10466964E-10
     8.44400     0.99838579E-11
     8.44800     0.95222093E-11
     8.45200     0.90769191E-11
     8.45600     0.86617825E-11
     8.46000     0.82633716E-11
     8.46400     0.78757740E-11
     8.46800     0.75070744E-11
     8.47200     0.71690065E-11
     8.47600     0.68274216E-11
     8.48000     0.65114042E-11
     8.48400     0.62135665E-11
     8.48800     0.59249729E-11
     8.49200     0.56490268E-11
     8.49600     0.53892681E-11
     8.50000     0.51399615E-11
     8.50400     0.49035968E-11
     8.50800     0.46735021E-11
     8.51200     0.44525330E-11
     8.51600     0.42476793E-11
     8.52000     0.40502044E-11
     8.52400     0.38625723E-11
     8.52800     0.36808522E-11
     8.53200     0.35178419E-11
     8.53600     0.33479433E-11
     8.54000     0.31917332E-11
     8.54400     0.30478903E-11
     8.54800     0.29050343E-11
     8.55200     0.27635997E-11
     8.55600     0.26437660E-11
     8.56000     0.25199254E-11
     8.56400     0.23936419E-11
     8.56800     0.22883470E-11
     8.57200     0.21884823E-11
     8.57600     0.20780983E-11
     8.58000     0.19861531E-11
     8.58400     0.18921405E-11
     8.58800     0.18046914E-11
     8.59200     0.17176594E-11
     8.59600     0.16437008E-11
     8.60000     0.15661831E-11
     8.60400     0.14958367E-11
     8.60800     0.14265027E-11
     8.61200     0.13628173E-11
     8.61600     0.12978025E-11
     8.62000     0.12398809E-11
     8.62400     0.11833643E-11
     8.62800     0.11250459E-11
     8.63200     0.10733664E-11
     8.63600     0.10300976E-11
     8.64000     0.98216992E-12
     8.64400     0.93292458E-12
     8.64800     0.88878120E-12
     8.65200     0.85239893E-12
     8.65600     0.81013590E-12
     8.66000     0.77113347E-12
     8.66400     0.73872719E-12
     8.66800     0.70650361E-12
     8.67200     0.67322576E-12
     8.67600     0.64408469E-12
     8.68000     0.61456859E-12
     8.68400     0.58703656E-12
     8.68800     0.55661142E-12
     8.69200     0.53288355E-12
     8.69600     0.51284168E-12
     8.70000     0.48766900E-12
     8.70400     0.46848639E-12
     8.70800     0.44859724E-12
     8.71200     0.42656530E-12
     8.71600     0.40625072E-12
     8.72000     0.38292364E-12
     8.72400     0.37269767E-12
     8.72800     0.35673704E-12
     8.73200     0.33600344E-12
     8.73600     0.32542013E-12
     8.74000     0.31339124E-12
     8.74400     0.30100715E-12
     8.74800     0.27865461E-12
     8.75200     0.27337688E-12
     8.75600     0.26266134E-12
     8.76000     0.24386044E-12
     8.76400     0.24090231E-12
     8.76800     0.22714466E-12
     8.77200     0.21498983E-12
     8.77600     0.21198650E-12
     8.78000     0.19921132E-12
     8.78400     0.18982921E-12
     8.78800     0.18649467E-12
     8.79200     0.18069931E-12
     8.79600     0.17023040E-12
     8.80000     0.16013016E-12
     8.80400     0.15332292E-12
     8.80800     0.15063953E-12
     8.81200     0.14499504E-12
     8.81600     0.13860603E-12
     8.82000     0.13286716E-12
     8.82400     0.12441576E-12
     8.82800     0.12767939E-12
     8.83200     0.11986338E-12
     8.83600     0.11181000E-12
     8.84000     0.10532272E-12
     8.84400     0.10557928E-12
     8.84800     0.10152192E-12
     8.85200     0.97064721E-13
     8.85600     0.92377989E-13
     8.86000     0.92429018E-13
     8.86400     0.91305130E-13
     8.86800     0.80334173E-13
     8.87200     0.78802939E-13
     8.87600     0.79599773E-13
     8.88000     0.75833593E-13
     8.88400     0.67264468E-13
     8.88800     0.70058642E-13
     8.89200     0.67543728E-13
     8.89600     0.68091898E-13
     8.90000     0.62420199E-13
     8.90400     0.59237232E-13
     8.90800     0.57792348E-13
     8.91200     0.55572279E-13
     8.91600     0.55377730E-13
     8.92000     0.49340440E-13
     8.92400     0.49763485E-13
     8.92800     0.49653122E-13
     8.93200     0.45189566E-13
     8.93600     0.45860736E-13
     8.94000     0.45904558E-13
     8.94400     0.42358319E-13
     8.94800     0.36977699E-13
     8.95200     0.39596566E-13
     8.95600     0.35185801E-13
     8.96000     0.32865262E-13
     8.96400     0.30256905E-13
     8.96800     0.32962304E-13
     8.97200     0.35697154E-13
     8.97600     0.29117383E-13
     8.98000     0.35778088E-13
     8.98400     0.29418246E-13
     8.98800     0.28178179E-13
     8.99200     0.32533600E-13
     8.99600     0.29997430E-13
     9.00000     0.26375728E-13
