4.193577402840867    0.1256038647342994
4.317158771360587    0.14492753623188404
4.410142584180545    0.17874396135265702
4.456895053716921    0.21256038647343
4.5192068642295755    0.2560386473429951
4.581444228134687    0.2946859903381642
4.659017593193452    0.3285024154589371
4.7675607469896875    0.3719806763285024
4.84505966544091    0.4009661835748791
4.999313036267933    0.41062801932367143
5.153119727449707    0.3913043478260869
5.291218184440117    0.3526570048309178
5.352562189054725    0.33333333333333326
5.429242194822985    0.3091787439613526
5.521183755137355    0.2753623188405797
5.674543766673876    0.22705314009661826
5.751298219049678    0.20772946859903374
5.874432907924146    0.19806763285024154
6.013350277597518    0.21256038647343
6.13700609272478    0.23671497584541057
6.245251460090849    0.26086956521739124
6.399802617348041    0.28985507246376807
6.507973538106567    0.3091787439613526
6.615846672434925    0.3091787439613526
6.7543918090705874    0.2995169082125603
6.8466311558151265    0.2850241545893718
6.969691398082052    0.27053140096618356
7.046594743672938    0.26086956521739124
7.139504109885355    0.28985507246376807
7.201667027182925    0.32367149758454106
7.264127730910663    0.37681159420289856
7.310880200447039    0.41062801932367143
7.357781563198499    0.4541062801932366
7.404608479342417    0.49275362318840576
7.5130771865311115    0.5314009661835748
7.590129425337081    0.5314009661835748
7.682145432258993    0.502415458937198
7.820094996034319    0.4541062801932366
7.927744790540052    0.43961352657004826
8.05125171245223    0.4541062801932366
8.144012185449562    0.47342995169082125
8.205877316316965    0.4879227053140096
8.267668000576824    0.4975845410628018
