4.1485372052779566    0.20289855072463758
4.179358100800345    0.20289855072463758
4.210178996322733    0.20289855072463758
4.225589444083926    0.20289855072463758
4.271746340759967    0.19806763285024154
4.287231235128703    0.20289855072463758
4.333462578412285    0.20289855072463758
4.379693921695867    0.20289855072463758
4.441410159348186    0.20772946859903374
4.472231054870574    0.20772946859903374
4.518536844761697    0.21256038647343
4.595589083567668    0.21256038647343
4.672715768981179    0.21739130434782605
4.734432006633498    0.2222222222222221
4.780663349917081    0.2222222222222221
4.842602927392025    0.24154589371980673
4.873572716129496    0.25120772946859904
4.935586740211982    0.2753623188405797
4.99767521090201    0.30434782608695643
5.029017232677193    0.3381642512077294
5.060061468022207    0.3526570048309178
5.091105703367221    0.36714975845410625
5.1529708342346225    0.3816425120772946
5.214835965102025    0.3961352657004831
5.261290648208233    0.41062801932367143
5.307745331314441    0.4251207729468599
5.3849464633354955    0.4347826086956521
5.431252253226619    0.43961352657004826
5.477855829547911    0.46376811594202894
5.569946283077366    0.43961352657004826
5.631290287691973    0.42028985507246364
5.708044740067775    0.4009661835748791
5.800209640204772    0.3816425120772946
5.8925234335568515    0.3719806763285024
5.93823365058764    0.3381642512077294
5.999577655202248    0.3188405797101448
6.107227449707981    0.30434782608695643
6.199466796452518    0.28985507246376807
6.322601485326986    0.28019323671497576
6.430623512870429    0.28985507246376807
6.538868880236498    0.31400966183574874
6.600808457711441    0.33333333333333326
6.678084036340038    0.34782608695652173
6.770844509337369    0.36714975845410625
6.848045641358423    0.37681159420289856
6.956142115509408    0.3913043478260869
7.125433701059917    0.37681159420289856
7.2639788376955785    0.36714975845410625
7.402970653976492    0.38647342995169076
7.480469572427715    0.4154589371980676
7.542334703295117    0.42995169082125595
7.542781382940369    0.4589371980676328
7.558564063739273    0.48309178743961345
7.620429194606675    0.4975845410628018
7.636137428798038    0.5169082125603864
7.651920109596942    0.5410628019323671
7.744680582594274    0.5603864734299516
7.86736859182349    0.5217391304347826
7.89789170091571    0.502415458937198
7.959012365707692    0.468599033816425
8.00472258273848    0.4347826086956521
8.035022352008074    0.4009661835748791
8.127112805537529    0.37681159420289856
8.250470834234623    0.3816425120772946
