[[-1.37577642  1.92779662  2.74786187]
 [-2.10720512 -2.3537459   2.77502937]
 [-3.17457832  0.03416568  2.8403037 ]
 [ 0.46505223 -2.80311888  2.81363239]
 [ 2.18702253 -0.91421276  2.80174061]
 [ 4.98523018 -1.32255852  2.84038135]
 [ 1.27506884  1.69621326  2.82015856]
 [ 2.62119014  3.58551408  2.88376604]
 [-5.45708428  0.40618932  2.93889494]
 [ 0.99819489 -4.77531327  2.84090017]
 [-2.05868862  3.71474438  2.80567464]
 [-3.35667463 -3.78997313  2.86291616]
 [ 5.43492078 -3.32997171  2.82625912]
 [ 5.81521493 -0.46513915  4.51605506]
 [ 5.86169679 -0.43298934  1.20547436]]