[[[-1.37577642  1.92779662  2.74786187]
  [-2.10720512 -2.3537459   2.77502937]
  [-3.17457832  0.03416568  2.8403037 ]
  ...
  [ 5.43492078 -3.32997171  2.82625912]
  [ 5.81521493 -0.46513915  4.51605506]
  [ 5.86169679 -0.43298934  1.20547436]]

 [[-1.37684945  1.928059    2.74787329]
  [-2.10699723 -2.3531797   2.77499235]
  [-3.17433032  0.03482609  2.84028688]
  ...
  [ 5.43470185 -3.33120337  2.82630843]
  [ 5.8149418  -0.46635909  4.5158649 ]
  [ 5.86141314 -0.43427689  1.20565518]]

 [[-1.37469993  1.92753194  2.74785048]
  [-2.10741212 -2.35431472  2.77506646]
  [-3.17482366  0.0335036   2.84032054]
  ...
  [ 5.43513747 -3.32873768  2.82620982]
  [ 5.81548617 -0.46391698  4.51624518]
  [ 5.86197856 -0.43169948  1.20529367]]

 ...

 [[-1.37574376  1.92783559  2.74919315]
  [-2.10719081 -2.35372971  2.77413508]
  [-3.17462046  0.03415793  2.83924275]
  ...
  [ 5.43487654 -3.33000182  2.83181577]
  [ 5.81744206 -0.45932359  4.51129532]
  [ 5.85965785 -0.43869625  1.20056583]]

 [[-1.37567574  1.92775736  2.74789809]
  [-2.10715816 -2.35377087  2.77644893]
  [-3.17469334  0.03418773  2.83714958]
  ...
  [ 5.43503298 -3.32994676  2.81938862]
  [ 5.82008846 -0.46774828  4.51294921]
  [ 5.85714132 -0.43044883  1.20230521]]

 [[-1.37577642  1.92779662  2.74786187]
  [-2.10720512 -2.3537459   2.77502937]
  [-3.17457832  0.03416568  2.8403037 ]
  ...
  [ 5.43492078 -3.32997171  2.82625912]
  [ 5.81521493 -0.46513915  4.51605506]
  [ 5.86169679 -0.43298934  1.20547436]]]