  -19.1337673690870     
   13.6574637264464     
  -10.7267786138538     
   5.78764147170018     
   1.12165863983509     
  0.584116441730055     
  -17.8804743362719     
  -1.37397579005494     
  -14.0157209355773     
 -0.974740241934820     
   13.6027056226540     
  -1.69551418991955     
   2.14954074278366     
  0.147337240723960     
   11.7991523355614     
  -11.2197346557024     
 -3.472418927532590E-002
   6.56482824476376     
  -5.86247835631529     
  0.376365216259247     
   5.18713201524965     
  -6.96948477280308     
   9.10227869811769     
  -6.53354511634959     
   12.3734732514800     
  -1.84724938985942     
 -0.910634689862175     
  -3.83769187820315     
  0.611474344947620     
  0.324782407478908     
  -8.46872432184613     
  -8.15692895413647     
   1.38085415594930     
 -0.178668974439972     
 -1.013151120025477E-002
  9.125557038213261E-002
 -0.668756564886010     
  0.161182041192509     
  0.557409691061322     
