[-452.68329115 -452.68254149 -452.68400324 -452.68302461 -452.68352204
 -452.68325623 -452.68329048 -452.68370064 -452.68284905 -452.68311279
 -452.68343195 -452.6832668  -452.68328132 -452.68320223 -452.68334128
 -452.68318559 -452.6833633  -452.68327539 -452.68327418 -452.68333748
 -452.68320095 -452.68340503 -452.68313687 -452.68321633 -452.68332224
 -452.68320828 -452.68333662 -452.68324784 -452.683307   -452.68328544
 -452.6832667  -452.68354199 -452.68299894 -452.68361821 -452.68292416
 -452.68322002 -452.6833552  -452.68360746 -452.6829464  -452.68333139
 -452.68323815 -452.68329642 -452.68327042 -452.68326973 -452.68329309
 -452.68323663 -452.68332246 -452.68318381 -452.68337374 -452.68326195
 -452.68331171 -452.6832369  -452.68333502 -452.68323993 -452.68332446
 -452.68339922 -452.68316113 -452.68328793 -452.68328719 -452.68331981
 -452.68324318 -452.6832874  -452.68329508 -452.68322942 -452.68332644
 -452.68329059 -452.68329066 -452.68329039 -452.68329002 -452.68323006
 -452.68333524 -452.68328755 -452.6832923  -452.68328703 -452.68329512
 -452.6832932  -452.68328809 -452.68329082 -452.68328944]