[[[ 0.00000000e+00  0.00000000e+00  0.00000000e+00]
  [ 0.00000000e+00  0.00000000e+00  0.00000000e+00]
  [ 0.00000000e+00  0.00000000e+00  0.00000000e+00]
  ...
  [ 0.00000000e+00  0.00000000e+00  0.00000000e+00]
  [ 0.00000000e+00  0.00000000e+00  0.00000000e+00]
  [ 0.00000000e+00  0.00000000e+00  0.00000000e+00]]

 [[-3.94112375e-02  5.69141665e-03 -3.03710856e-03]
  [ 1.84280416e-02 -8.61485013e-03  5.84477696e-04]
  [ 1.30890578e-02  4.20715537e-02  2.42296564e-04]
  ...
  [ 7.42000184e-04 -1.43608857e-03  2.52145491e-05]
  [-9.57478971e-04  7.64152859e-04  4.18004216e-04]
  [-1.06734661e-03  1.12680374e-03 -4.00806781e-04]]

 [[-3.87453316e-02  5.15530595e-03 -3.03828645e-03]
  [ 1.73587536e-02 -9.75079924e-03  6.20802746e-04]
  [ 1.35877161e-02  4.23872126e-02  2.47668026e-04]
  ...
  [ 7.20047619e-04 -1.47089646e-03  2.34935229e-05]
  [-9.02331228e-04  6.31658218e-04  2.36085422e-04]
  [-1.02160474e-03  9.96453853e-04 -2.18233464e-04]]

 ...

 [[-3.90846942e-02  5.42856806e-03 -3.02415154e-03]
  [ 1.78842981e-02 -9.18322999e-03  5.67611019e-04]
  [ 1.33448678e-02  4.22280551e-02  2.77312409e-04]
  ...
  [ 7.32705556e-04 -1.45366499e-03  3.06497814e-05]
  [-9.63985163e-04  7.09145376e-04  3.16059538e-04]
  [-1.01296372e-03  1.04883689e-03 -3.18356674e-04]]

 [[-3.90713146e-02  5.42822669e-03 -3.08792904e-03]
  [ 1.78718406e-02 -9.18735593e-03  5.86873221e-04]
  [ 1.33503250e-02  4.22239876e-02  2.76086702e-04]
  ...
  [ 7.30161306e-04 -1.45388392e-03  5.32240613e-05]
  [-9.58222500e-04  6.92463561e-04  3.57908433e-04]
  [-1.01862963e-03  1.06639097e-03 -2.76093361e-04]]

 [[-3.90855124e-02  5.41938567e-03 -2.99157807e-03]
  [ 1.78999964e-02 -9.17348231e-03  6.24332398e-04]
  [ 1.33281790e-02  4.22244728e-02  2.07448242e-04]
  ...
  [ 7.32441155e-04 -1.45400244e-03 -5.98694419e-06]
  [-9.01992132e-04  7.02394794e-04  2.95636006e-04]
  [-1.07087853e-03  1.05730858e-03 -3.39981966e-04]]]