6.413308200175126261e-01
-9.728329321615380998e-02
7.991408664911340276e-01
-1.917560822463879131e-03
1.104794057174401066e-02
-8.010010094685665258e-03
-2.598193567412462532e-02
-6.078605762603761509e-02
5.085634525576984179e-03
7.378380576330083596e-01
2.768235788429191258e-03
-7.184612531211763409e-02
-9.064333473335176332e-04
8.618403581676060965e-02
7.816532382120749967e-01
-5.128708336466600726e-04
1.217894077759669545e-03
6.751443925771557705e-03
-1.117642926246706359e-02
-1.728967052557801518e-02
3.928825311348487642e-02
-1.178246086847862806e-01
-5.426218306191781665e-02
2.253216053736519300e-03
-8.363101403233993980e-02
1.305368569717505617e-02
-4.863925148158200831e-03
8.722977901010608992e-01
-1.836093883562891008e-02
-1.997818673226876285e-01
7.885238434211271682e-04
6.845446966098429897e-02
-2.673325461576457895e-01
4.573694629070803805e-03
-3.763856561309364412e-02
5.853179695175616537e-01
1.622396525055828150e-03
3.657182092269952670e-03
-1.027253533359890648e-02
-5.874844754894245798e-03
-1.444899754290248891e-03
-4.118076775749904272e-02
-2.657818459763868282e-02
1.771515635394545337e-03
1.090341915735776462e-01
5.765075848906407729e-02
2.598291706991627537e-02
-4.076924698245078076e-03
-2.579536847837072266e-01
2.099102958779045999e-02
-4.298708123825363200e-03
-7.064771912749319427e-02
-1.949657616539299948e-02
8.473455176055907229e-03
6.042550716535759481e-01
2.998808459230835680e-02
9.205428834978513289e-03
1.985972125429759372e-03
6.885649103337608545e-02
-1.445794760785403255e-01
3.134133860619726843e-03
8.165995641063161434e-03
5.318256685353388996e-03
2.453581888833743837e-03
5.052825467311694574e-02
8.321960695891550408e-01
-5.881588752824521782e-04
1.095351001118372101e-04
-3.912078074226764748e-03
-7.609262660546987217e-03
3.009523904500829329e-03
7.611131010470149200e-03
5.341914100994086916e-03
-2.381226420261674161e-03
1.284980156472926216e-03
5.380518219209467351e-03
-8.498223528674339611e-03
-1.773815678278586189e-02
-6.200277176958918224e-02
3.115215977302620079e-02
1.455151673958888061e-03
-8.574400619420761982e-02
-2.011851755885967624e-02
1.467916381744521510e-03
5.316121571696334064e-02
5.802876880627784451e-03
-3.435501618672887753e-03
-2.210668841372959992e-01
-1.741461170396060854e-01
-9.771304823622544052e-04
7.077506079559370278e-01
-4.595004979635940873e-02
-1.864182497136439645e-02
-2.136682328773210036e-03
-2.950795204562214891e-02
4.992899702090284643e-03
-1.596253566739306478e-03
3.717490296474273981e-02
2.857407880996725227e-02
-9.378070432234243258e-04
-1.303123936769095548e-01
-3.061118362113012803e-01
2.627712260943984666e-03
8.740841339669215559e-02
6.407901585780514386e-01
-2.829185383847054739e-04
1.794495475752936730e-03
-2.889847554247258407e-03
-1.940569929000811236e-03
-1.897078958449969740e-03
-1.653345180294448977e-02
-7.390008101333945785e-04
3.985742650050307870e-04
7.634160168024556152e-03
9.406416355514613751e-04
2.130452518731386097e-03
5.327899097379072343e-03
6.230787394257517910e-03
-1.525949954315967364e-03
6.634090362704866961e-02
3.295433581501278509e-03
-8.168926738706380536e-04
-2.463031756171562570e-07
3.175421554701105681e-03
-1.464106350984262228e-03
-1.370570432365024139e-05
-3.804973495466212885e-03
-2.962897245586564900e-04
4.156549418663653926e-04
-2.411097380825732647e-02
-1.390049782606410204e-03
-1.892133001069723193e-04
-2.272222044990354628e-01
2.031321632685801140e-02
-2.442575009982013694e-03
5.024118985260811465e-01
-1.409690940489497380e-03
-8.788616183588475114e-03
-1.214142934220988063e-04
-5.568408387187465634e-03
-6.516716833624545784e-03
3.343088580982719752e-04
-5.503164390439129004e-04
1.185502075049795704e-04
-2.250268750713262697e-04
-1.836184348314155376e-02
1.141013334133895996e-02
-3.567042170567654704e-04
2.660681909822741609e-02
-9.474635176330784003e-02
-3.952461250305014449e-04
1.070027469093186648e-02
6.136414671117801367e-01
-5.357248904167301713e-05
3.037221894504315016e-04
2.827488381655235590e-03
1.230731161215135470e-04
-5.465895672410784299e-04
7.757509427364436697e-04
2.155781339539271759e-04
7.939257149088345096e-04
-6.671689009708672412e-05
-9.442267653649578213e-05
1.127280115436389216e-03
9.804662883466597201e-03
-2.667791178931951373e-03
-5.374675771607724311e-04
-5.591570933822912620e-02
-9.354913659958811632e-04
6.991003109065333995e-04
5.740738534459521869e-01
-2.135172163059013140e-01
8.348274303373723337e-02
-8.616412546857634205e-03
3.772358011968345026e-02
-3.591149026372810263e-03
5.859831632527035547e-04
-9.942304023977451000e-02
-4.179862872751222841e-02
3.772033831739460882e-03
-1.906803591237454104e-02
-3.843922244149538398e-02
-1.120781085298326292e-03
-1.074824040954194676e-01
8.764128892002542859e-02
-5.274731836963906552e-03
-1.221362931219384211e-02
2.987367516903947917e-02
-1.264895924597911076e-03
6.382633356715055051e-01
8.068507522829224121e-02
-1.305148478092945097e-01
2.437334502242669097e-03
2.265798667507995523e-02
2.327363530721811812e-03
-6.048719952481024535e-04
-6.626275367869166599e-02
2.054925876563219039e-02
-3.825833927781410130e-03
-1.300001119398584183e-02
-2.949216907970507451e-02
-1.011064665398333758e-03
4.359422592047912381e-02
-2.011232552249000438e-01
-7.074929410951366019e-04
1.857532840845846009e-02
3.487536496593850714e-05
-5.731114735648633850e-04
1.264940293415034445e-01
8.303241142625703564e-01
-8.063043774037315786e-03
-1.700410690598044968e-03
5.600389284194455183e-03
2.239136914923488611e-03
1.613560554003690573e-04
1.537338594225322666e-02
-1.239559342944864884e-03
-4.088190456644832525e-04
-2.411354369546507212e-02
-2.272402516794146295e-03
-2.106624803710228661e-03
-1.392802544330781246e-02
-1.369294260639321824e-03
2.538831345563110752e-03
-4.126167068006278589e-03
2.034140744964631578e-04
9.926630506897754763e-04
1.934787283058562145e-03
2.257144905136783397e-02
1.457424701553905987e-02
3.071580414172194948e-02
-5.759026822029719717e-02
-5.268434128882914375e-02
-1.820081545495478301e-03
-3.708210962144046271e-03
1.051673749784847421e-02
-1.172243331257807539e-03
2.552042577248587671e-02
-1.606600170520547247e-03
5.606299478992443283e-04
-6.697195997152788696e-03
-2.001098068149123957e-02
1.723261382835634742e-03
2.477449096214239671e-02
8.736564457949550291e-03
1.549357872693135109e-03
-3.102091299424119576e-03
4.697222589147080976e-03
8.392917430130725481e-04
-2.658126257898167921e-01
-2.620731813517256925e-01
-1.373569667105687710e-02
3.064354274240109199e-01
-3.273436891477780886e-02
1.766595930042647380e-02
-3.292781302683964965e-03
-5.219756845484139172e-03
1.705841871228260323e-02
-2.218876692364308515e-04
3.143562461067430508e-02
-2.519776975736279928e-02
2.178805702624910749e-03
-2.515844016826074107e-03
-3.679953216742962857e-02
1.921186180763448988e-03
-1.171114812629281757e-02
-3.691398907919362510e-02
-6.263798311874234012e-04
-1.014456431141437694e-02
6.202185806969399105e-03
6.067994462807371802e-04
-2.472429291757826664e-01
-4.802761806333989414e-01
-1.527822943967703691e-02
3.124423086245015635e-01
5.304519238544470605e-01
-2.500810466949095721e-03
-8.104592287411588542e-04
2.564934853363536136e-03
-1.017658541714751459e-03
1.027696533026913875e-03
-7.265202696589666276e-03
9.143682159963814095e-04
-3.252082309488424144e-04
4.447149049514087342e-03
1.022106706862719238e-03
-1.049204109047635267e-03
8.861952843001228916e-03
-2.440167535323790752e-04
-1.181835092193642264e-03
-4.318840369845663649e-03
-4.655060301808033570e-04
2.502126411954670379e-04
-2.850339978881372572e-03
-9.706577206372147756e-03
-1.371796910723526580e-02
-1.634745140356206466e-02
1.244611708186740655e-02
1.585561147242735280e-02
1.253888369002077556e-02
-1.000369940650929629e-01
-1.608999714935263267e-02
2.919817022996774088e-03
-5.481257082780491285e-02
6.128760793697023840e-02
6.981221527140452944e-03
-6.101689157817848930e-01
6.145620947641657755e-02
2.432749960258295818e-02
1.580269048903209031e-02
2.373900410024840438e-02
-2.427995573869607716e-03
-2.418961583636844437e-02
-1.644643557758472541e-02
2.391366357519129123e-03
3.978201464994529646e-03
2.151488153311628161e-03
1.137366305362558406e-04
5.709554338665918244e-02
1.975410231745628603e-02
6.009435350439833439e-04
-3.280740899272002742e-02
-3.224883325201960416e-02
-5.558806621446643181e-04
7.520874183302304061e-01
-5.627734819145088080e-02
1.270159700933925530e-02
1.618516563501168652e-03
5.546831472960441628e-02
-1.223991832866510449e-02
-3.085695664098771478e-03
9.239995911810021390e-02
-1.043666267833290584e-01
-5.426657196004464057e-03
6.247745866667354930e-03
-7.855788437760833492e-03
6.881111716088187747e-04
-1.111255445293688870e-03
-3.899721477325787927e-03
-9.737403814686706007e-05
2.990136066967285933e-06
3.072613107049831970e-04
-4.543473695579819459e-04
5.895550453741628741e-03
-1.204640726183270685e-02
1.197493333419182883e-03
2.336171545345886238e-03
1.047921664092375631e-02
-1.274369374438685484e-04
-1.079926429440631469e-01
1.068686736676434240e-01
5.001837853909214468e-03
2.074036704367615742e-04
8.233571980289634482e-03
3.956401421880108987e-03
-2.951483828800919359e-03
1.231536499486995083e-02
2.462091520972344016e-02
-3.708367148189919277e-03
-4.611228658394500579e-02
-1.475459857528497358e-03
-1.380582126822716598e-03
3.193541852237008222e-03
9.750406187086609533e-04
4.682338476044151229e-04
-4.630168113564398814e-03
-2.614813743136097158e-04
-7.493109650868017544e-05
5.969783322035096713e-04
-2.445697860699992763e-03
1.453916331134728771e-03
8.898341855814765125e-03
9.718783931425721209e-04
4.534996231925851585e-04
-8.423159812719046083e-04
-3.170683413999528244e-02
5.690092703259873839e-03
2.465344963298218145e-02
6.361000154906219263e-04
9.391189381461348493e-04
-1.063007337815818242e-04
-1.887763194657556681e-02
4.175875834880506815e-02
-2.660728045623672058e-04
-6.427049345781571778e-04
-7.465762784543614888e-03
-6.186544212749454322e-04
-7.213791214120310324e-02
6.673284696071378475e-02
-1.266494531183398652e-03
8.915019503394142064e-03
-2.329483471238259079e-02
3.003372155131868535e-04
2.498915390230825508e-03
-1.334482104021940049e-03
-3.194524103665274110e-05
-4.647504472761716278e-03
4.128734103089482920e-04
3.885211178387594369e-04
-4.106360166183098946e-05
-3.306589170518592705e-03
-2.409729502789678159e-04
-3.229729370086263044e-03
2.715007740937090512e-03
2.115483930245008444e-04
8.660613185590558538e-02
-1.142075962590341628e-03
3.384006996551717291e-05
-5.324762463172590723e-05
-1.895877987712966777e-04
-1.433772517137730899e-03
-1.308155305085127165e-04
-1.996167775918111526e-03
3.111492767906536092e-03
2.281724739526928847e-04
7.270112379923640566e-02
-3.428632329783020682e-01
4.466564827634842728e-03
1.030825348345229368e-02
-1.852668340677479306e-02
4.088086184695526233e-04
1.836829559896113956e-03
8.674733243750258702e-04
-8.843602024609544107e-05
-5.008855209727206513e-03
7.246718183179026718e-04
-1.714092525272937790e-04
1.608302557366229815e-03
-4.130855263088624245e-04
1.536032767357472595e-04
1.341316530895439538e-03
-3.514769634223979377e-04
-8.383309873415347075e-05
-7.853938676982522016e-02
3.574196376625640714e-01
6.467553802441632473e-04
-1.796860090382077640e-04
-1.537248038479029598e-03
3.777739867094003054e-04
2.376967448516002779e-03
1.593259824340091007e-04
-9.445935785832014372e-06
-2.081729689906672634e-03
1.125554598466951416e-04
-1.845317995185811544e-03
3.961242813921695034e-03
2.838778666591267996e-03
-1.533574519749077115e-04
1.254876723695180427e-03
-2.698250776041492913e-03
-9.763514568372857235e-05
-7.180794791078769007e-05
-1.994555171954080167e-03
2.645453008872239182e-03
1.210431810060294978e-03
-2.590662396590881315e-03
-1.835589782069964445e-03
-2.001880595188230451e-03
4.450289571322318949e-03
-9.312151159445619967e-04
1.780671535382390765e-04
9.677917252667866954e-04
1.480435243754288019e-03
-4.701011748658702472e-03
1.999472374498704368e-04
-1.161266680695341030e-01
1.369071101000952084e-01
4.251416030432228835e-03
-3.408642440008774997e-03
-6.005043304011596986e-03
2.485620807502363820e-04
1.297452697160318344e-02
-2.763167032232711692e-02
-1.278193819163700147e-03
-1.934982291698887072e-03
-1.553096940114252842e-03
3.191801801775562687e-04
-6.321842185126316446e-03
-1.620636884994319695e-05
-5.220881496421349256e-04
1.775154552743045812e-04
2.069771912322428305e-03
-3.173401836232890805e-05
-5.367578797618350293e-03
3.863348391365398204e-02
1.812068340686344165e-03
5.347782684338703470e-03
-5.247185911271540562e-03
-1.381111829397972961e-04
-2.917061764334833037e-04
3.715026119218059215e-03
8.438701648132538203e-05
1.597482416898804870e-04
1.992877477334358558e-04
4.810979137725034577e-07
1.143437391352483262e-01
1.312192416151442553e-01
-4.069702485503792766e-01
-1.087070685739677245e-02
-3.914662633813773343e-03
-7.986427151234260944e-04
2.184121750028789912e-04
1.099174847675043684e-02
-2.119699314576057453e-02
-1.151197306396170225e-03
-1.644992316859469829e-04
3.196028883759447414e-04
-3.390682315939868674e-04
-1.237360471131984497e-05
6.109044471696780266e-04
-4.901532864092156201e-05
-2.179634958313448408e-04
-1.177929204815635972e-04
-1.207949141100913144e-04
-2.502249823334540962e-03
1.774845127369431780e-04
2.209861437251733928e-04
1.894100351038764207e-04
3.424772305484475145e-04
-3.798280687086423417e-05
3.532892371718932695e-03
3.754295345188336623e-03
-4.151208092131135737e-05
-1.093257230697394875e-04
9.681168661587364623e-05
2.183350308388250672e-04
-1.396733351457701555e-01
4.241610537665854719e-01
6.215239493299344088e-03
-1.603515412566696580e-02
-6.849050466428588217e-04
2.707697184224628728e-04
-3.002035104727143093e-04
2.833293233615876393e-03
1.139519778801290789e-04
2.996120504929934356e-03
-4.152773903903796658e-03
-2.070188404463643879e-04
-1.403654405986785967e-04
-6.807050184933085375e-04
-2.725555468037079324e-05
4.025230834034092958e-04
8.210120979595099486e-04
-2.356907347738490324e-05
2.692262731809562975e-05
9.807103331939594909e-04
-1.091884986077536679e-03
6.886019549455493424e-04
-4.456285218540341139e-03
2.377447792252730305e-04
5.851533221576941165e-04
-8.453872307000751072e-04
-8.174918477567852870e-04
-1.861336062835627437e-04
-3.216538865776437210e-03
5.574008043859470071e-05
-1.336923165968089972e-05
-7.136850036299094511e-04
-4.775889790125065378e-03
1.196782532424923648e-02
7.467094312290041558e-03
-9.469867035154444978e-04
5.459901166753733728e-03
3.172909602913853299e-04
-2.400426882363749792e-01
-2.007742685556474227e-01
1.277677916052207853e-02
1.620027648699505843e-02
1.396504900317337323e-02
-7.403593905981122351e-04
-9.971638652154932170e-03
-2.740588782577235705e-02
1.462224603506973161e-03
-5.013385474297473235e-03
4.656475379010604349e-03
3.428347471417788695e-04
4.810110157769885951e-04
-8.269052225005583002e-04
8.452616431204215924e-05
1.228649872779301799e-04
-7.083523539326188733e-04
-5.771213897533086128e-04
-1.270180770421272445e-03
-8.265075399084253474e-04
3.952851475492431897e-05
-2.297332738520241509e-03
-2.838794773025146451e-03
-3.577291383022249409e-05
1.051713698225724327e-03
3.193768688515459531e-04
-2.068432755814620131e-04
8.557953637815948148e-04
7.090586276838976290e-04
4.049135906084641980e-05
2.408938095762185871e-01
4.723335806959398121e-03
-4.001799746789460460e-03
-4.786026425226743981e-04
-1.986372823935151077e-01
-3.042037468730077743e-01
1.346936663304976710e-02
-3.105611919354643244e-02
-2.154687230794031724e-02
2.649349758510281556e-03
1.293331905589180722e-02
1.277994051545468072e-02
-3.053166901879741848e-04
1.807451855864821572e-03
-1.819063037591610484e-03
5.503728913163351191e-04
3.179132474520895437e-04
8.351843683685984199e-04
-1.350745971277888668e-04
2.394520517021760282e-03
7.722409464627810792e-04
6.821038111653007123e-05
-1.472583884558446420e-03
-9.752680036452781448e-04
-9.862916146849817951e-05
8.461248659307492705e-04
5.806174802574060913e-03
-9.136945772630714611e-05
4.795560302050888243e-04
4.829097539394452791e-04
-1.753393271184056014e-04
-1.304819869601614706e-03
-5.771579876249342171e-04
5.254627810225631971e-05
2.084052918849703950e-01
3.126299335774841981e-01
5.167227048497281209e-04
5.323693606978084115e-04
1.148158360308806263e-03
1.577159366359966175e-02
1.870681189532281963e-02
-1.973793279576412790e-02
-8.751302952600173752e-06
-2.419913597185128270e-03
3.298395070345534058e-03
-1.852112274502683330e-03
-1.606706044343856991e-03
1.131460666282352139e-03
-3.135373408928451378e-05
3.437350952107179596e-04
3.566132456547985684e-03
2.694740663747383569e-07
-1.461181823993569337e-06
-1.891751338852444911e-03
-1.161560197926336276e-04
4.850176206777221852e-04
-9.797709307545564143e-05
-3.875358833813816303e-05
-4.516098848029842495e-04
-3.248443344614596355e-04
-8.980015602181503492e-04
-1.639492009021122394e-05
-3.781304834601578475e-03
7.317703422743754228e-05
5.194992737156972823e-07
-2.563543614436941806e-04
4.674980875034096445e-05
-2.406172136939255346e-05
2.563913316464000100e-03
-1.350098389612676593e-02
-1.554509046628677928e-02
1.407871498625051440e-02
-1.232342328605870799e-03
1.959009306714434503e-03
6.602155141442628294e-05
4.277990801482280895e-04
-7.411097254716060697e-04
-9.970992360945252664e-05
6.996361481306348279e-04
1.574553444422510532e-03
-1.538538455643527676e-04
2.985709387621505659e-03
3.067695133631548159e-03
1.139078003313928118e-04
-1.029118322690807108e-02
3.510662721614497134e-02
1.011431087093237732e-04
-6.337528750762810859e-02
5.560456748723852788e-02
5.478639099240427933e-04
-5.762153778145664984e-03
-2.573166180708865401e-03
-1.108400673645628645e-04
1.172500732523309736e-03
-4.054870457443382785e-04
-2.896558717101548150e-05
-2.565695029325684782e-04
-4.273681459810048638e-04
7.539658091781494486e-05
-1.625364843542975724e-04
-1.185556949800134529e-03
6.852374023974178489e-05
-6.608844771135292777e-04
-6.527304062884129810e-05
5.420302932824739522e-06
2.701163007367555536e-05
4.158876567869728688e-05
4.557266847090188605e-05
7.105103160790475492e-02
4.396197702603139531e-04
-6.346516840685840783e-05
-2.780731166219331651e-05
7.378199251574571720e-04
2.435918076666003811e-04
-2.133730784168832078e-05
-8.403052650349935844e-04
-4.070736354947596634e-04
9.049508229558173304e-05
-2.876247287346522623e-03
-8.974434283070346885e-05
8.500014258762542878e-05
2.022384921946628587e-04
-2.850845880246933792e-03
-1.023440492801141365e-04
5.692106305547156575e-02
-3.213982082207992308e-01
-1.884937922418423268e-03
-2.867912890541965388e-04
9.148390470075344486e-04
-8.493862602529923225e-05
1.031198598603012091e-03
-4.657137036329099988e-04
5.674165973419864519e-05
6.226175840232924062e-04
1.353930278977153704e-04
-4.980903048090473022e-05
8.262068338333347466e-04
3.672338855676490093e-04
-1.680767916811934086e-05
8.535060225867031750e-05
1.266960209263088302e-05
8.830108838846757280e-06
4.932851088141116292e-05
-4.877311713029691204e-05
1.070385862856895497e-05
-6.407321565110356276e-02
3.473960806361618414e-01
2.054498931419498000e-05
-4.057324829708967531e-05
4.802222040721720138e-04
-1.462755568631789052e-04
-3.312662050162700969e-05
-2.024035582023814124e-05
8.749491001393051609e-05
1.773635461808975293e-05
1.959393720856679227e-04
1.358728146787089501e-04
6.315334929607474036e-05
-6.243052769307631182e-05
-2.491579727203042200e-04
6.214043523536553560e-04
-2.394711863794728775e-03
4.956273004221590497e-04
-1.968612854728312659e-03
-5.167419750039640297e-02
-1.644050982288280483e-04
-1.259383008419006798e-04
-5.048786328993566750e-04
8.846327004939184824e-05
5.565313932838894518e-05
7.484156836434159620e-04
5.367540089446460130e-05
-8.474213114271314008e-06
-7.828702047688008373e-05
2.331511614083988851e-05
-1.827505328000935853e-05
2.684541474988439238e-04
-6.499736248841224831e-06
-2.015520084543989148e-05
6.569004628480475431e-05
7.109687099630978967e-07
8.999476829592691499e-06
1.383187604686568636e-04
-4.018217754983744610e-04
2.104090399950300609e-03
4.842068861594469448e-02
-3.860585531298254235e-03
-1.938533119558051273e-03
4.051819277869827206e-04
-2.586288654283817184e-03
-1.995244401723253805e-03
1.143618158040857148e-04
2.745913595119253356e-03
1.656027682361659384e-03
-3.057093125243265505e-04
1.675682562287960069e-03
6.164146585543111082e-03
9.984337349394399944e-04
-2.236999816881746900e-02
-1.759355688884977481e-02
-2.457378153048827077e-02
-8.841706819279951390e-02
-4.959940770099141583e-02
-9.826871153096621014e-02
-1.702155641288720974e-04
-3.239346490516361622e-03
1.029700770651495239e-03
4.036792964722824180e-03
3.997130134942128432e-03
3.406805313543297825e-04
-4.422981195515855767e-04
-1.794769110067441910e-04
1.649935588337635769e-04
-8.879600217334830171e-05
-1.275710296957702455e-04
-4.136899997238585092e-04
1.155691134773272841e-04
1.407253088804747002e-05
1.289028472254872149e-04
-2.578656974871717232e-05
2.155751517883373739e-04
-4.750509692588841728e-04
2.568855138267685592e-03
3.470619249450213398e-03
7.951676498886114247e-03
1.005149719153742432e-01
1.720604775014268834e-03
9.271090766534720523e-04
-5.511123463781892787e-05
9.804348809746214581e-04
1.463301592597307131e-03
2.217854699290569629e-04
-7.743926816532456167e-04
-1.632812360200387941e-03
-5.689512331319527020e-04
-1.504213598182942103e-03
-2.010831836458264014e-03
-8.130566145984088845e-04
3.431421775662230121e-04
4.768456145326144258e-03
4.180700333252505320e-03
-4.505576717885433763e-02
-9.897565337788616358e-02
-9.991990731830364958e-02
1.793598887574774292e-03
-1.095530443352148772e-03
2.449868920286482881e-03
-1.963786059714952952e-03
-7.325764282470943354e-04
-1.313958666550270543e-03
-8.473350003052560961e-04
3.977903994236780226e-04
-1.713696905816540549e-04
9.299247807873632806e-05
2.452351940320472712e-04
7.039322457821821453e-04
-9.836894219623461071e-05
1.230498208974913337e-04
-3.679814285970997183e-05
-1.207829250814252233e-04
-4.674701865067861520e-05
1.338896746801689563e-04
-1.360995167256187459e-02
-1.164645390703254388e-02
-2.788891909793428728e-02
5.272096222884090772e-02
1.022305531099281933e-01
-1.201710636969206695e-03
-3.826907078589301459e-04
-6.440730693636001751e-05
-5.284846311411068968e-04
6.976120849334702925e-05
-1.145930313989493369e-04
1.264445575836023938e-03
2.861874964755345961e-04
-2.058414744679329161e-04
1.860718118257651205e-03
1.306113560247433537e-03
-1.908397218338767467e-03
-1.086964939895101361e-03
8.058895545534211502e-04
4.673709289904902885e-03
-9.281837387318481181e-02
-1.003560958328082592e-01
-2.429837490454686832e-01
-5.483671836650496571e-04
-2.459690869087125236e-03
1.867778530287878555e-03
2.297236472975305432e-03
1.741217346983847886e-03
-3.871087984516482713e-04
-5.417832648035166791e-04
2.810016531182750880e-05
-7.325110900820894732e-05
3.943436393068059010e-05
1.419032681827425231e-05
3.864451051986469575e-04
-2.850919361810419614e-05
7.187848228473358496e-05
2.724104008562006812e-06
1.372820209754541934e-04
2.633439033616074177e-05
7.540685229788366599e-05
1.837872979035891580e-03
2.797596048667500869e-03
2.124334246267557853e-03
1.006393275593025494e-01
1.091501873947990503e-01
2.586463057041799574e-01
-3.792734750823522575e-03
-2.021661252669522141e-03
-2.162030961749091722e-04
-2.418184635970099371e-03
-1.870651750708462058e-03
2.288410026364894425e-04
2.543191503865275226e-03
1.385846195591347411e-03
-1.863682648685234240e-04
1.219114269756488940e-03
5.702835991084245770e-03
-1.160403513344563644e-03
-2.289703855137124877e-02
-1.791605959486539806e-02
2.391919747320971415e-02
-9.377216887375555698e-02
-5.405276482284206152e-02
1.014244947276081998e-01
2.590801030085594387e-04
-2.950293965671570585e-03
-1.477275782417945870e-03
3.741625093414167186e-03
3.728150939922515641e-03
1.356983304478457503e-04
-4.307122596214887282e-04
4.612070113911260160e-05
-1.371529002537685631e-04
-3.974975154250932506e-05
-1.252890511035789146e-04
2.736722442165385170e-04
1.376274721201631432e-04
3.259041556219744512e-06
-1.251504659214502989e-04
-6.448361331662066085e-05
3.061281594585552675e-04
4.670779913146768715e-04
2.808413581018388838e-03
3.690496870405378556e-03
-7.889221129550223061e-03
6.303251513552304147e-03
6.322862630500679718e-03
-1.132212336703669955e-02
1.064027688996657395e-01
1.613568281042617684e-03
9.339942821312545050e-04
6.449933672524955138e-05
4.841550084940000474e-04
1.212131258428837764e-03
-2.190634442793591783e-04
1.588872003939577197e-04
-1.527045283504784631e-03
5.512707020172618938e-04
-1.152761399147901340e-03
-1.426820722327943854e-03
7.970267796201218734e-04
-1.261693033670637605e-04
4.897073369401525912e-03
-4.062522876380855741e-03
-4.928198190701502807e-02
-1.028737915363204386e-01
1.007298389827477741e-01
1.294419370635111789e-03
-1.276457795932097513e-03
-2.453224387537297334e-03
-1.746442469025661151e-03
-4.260662463784442404e-04
1.318817757380353868e-03
-1.106119413646309288e-03
3.095370486408065801e-04
2.801113831382124426e-04
9.302052333344652498e-05
2.389452286618663345e-04
-6.755902293632898639e-04
-8.030359113937588682e-05
6.248601915877643749e-05
-1.649914640371604355e-05
-6.298224545691831456e-05
-8.695587190340456135e-05
-1.478091885891650301e-04
-1.427291294183048731e-02
-1.209953003081948482e-02
2.723303751716684915e-02
6.434602978527002685e-03
5.985110032968959243e-03
-1.309897856521669013e-02
5.775101990820256936e-02
1.060773902477946257e-01
1.097149490102526659e-03
2.784314719769809265e-04
-2.351775408385616136e-04
4.691419893945378283e-04
1.736906740779781133e-05
-2.557607056195667413e-04
-1.373017040520816551e-03
-3.010143116671682578e-04
9.709478910970015253e-05
-1.690945687551476811e-03
-1.380224179318751895e-03
-1.824614111054992036e-03
1.129278788291783464e-04
-1.147210700921580395e-03
5.143330149808599330e-03
9.613283138957311180e-02
1.012680929361525900e-01
-2.336172123383872534e-01
7.749906933217426061e-04
2.176424045652113753e-03
1.774503914116440069e-03
-2.111616025482770595e-03
-1.525157510982904502e-03
-4.301348971015109008e-04
4.909420880185363240e-04
2.132854100887413007e-06
-1.248878650193962396e-04
-4.206788275039341496e-05
-1.146146263862959924e-05
4.071678525306196127e-04
1.818133490815495440e-05
-4.294270795589336803e-05
1.584284386992325486e-05
-1.405876333855499150e-04
4.242533177503671205e-06
8.966428923303350687e-05
-2.066531442768597751e-03
-2.965475373825871702e-03
2.292682824814928477e-03
1.226368409817732430e-02
1.392770795986823448e-02
-2.203935584807502346e-02
-1.039350832498653898e-01
-1.103009146210253699e-01
2.487068566426129390e-01
