   43.9642068048934     
   1.40105224524822     
   186.578059492211     
   48.0463793949351     
   18.8747840057156     
   47.1835715034868     
  -17.1499963834409     
  -22.1997111126749     
  -7.59286129838472     
   6.22566114715168     
  -12.1656485204745     
  -27.0394655215020     
  -17.6972102057187     
   26.6253567953456     
 -0.442560518505277     
   2.19167564820169     
   3.48136376827351     
   13.3127450470505     
  0.162702682726184     
  -27.9836638184939     
   1.62556468333627     
  -5.80690032636385     
  0.354139827113647     
 -0.556500269656770     
  -6.34432049163922     
  -11.5952621073799     
   1.82998922830222     
  -3.36503125158378     
  -5.15590992117587     
 -0.137671118497008     
  -8.45094695491135     
   9.19535248545134     
  -13.1017966115415     
  -1.74825993431231     
  -1.37460075177183     
  -1.61821025051717     
   1.08998433425184     
   1.54920961257605     
 -0.482741466434557     
