  0.395228146413051       0.794270302791909       -1.14871759275351     
   1.18568443923915       -1.24060495028452      -0.321959768097695     
   1.97614073206525       7.397513652965126E-002   1.08217975789862     
   2.76659702489135       0.804191062133522      -0.288432949570869     
   3.55705331771746      -0.337092398275309      -0.537461887663217     
   4.34750961054356      -0.343619255355791       0.292433398346125     
   5.13796590336966       0.218342639757503       0.223935325066012     
   5.92842219619576       0.155780114388052      -0.148390463213039     
   6.71887848902186      -9.309592303807296E-002 -0.116943847297406     
   7.50933478184796      -9.290587658279437E-002  5.227059127263675E-002
   8.29979107467407       2.269357328021314E-002  7.581602014785412E-002
   9.09024736750017       6.184026975360418E-002 -1.196835903428912E-003
   9.88070366032627       1.457926050288481E-002 -4.918778764228042E-002
   10.6711599531524      -3.701299828213003E-002 -2.624091143726187E-002
   11.4616162459785      -3.486505442126769E-002  2.487771939377212E-002
   12.2520725388046       1.250135345535299E-002  4.120251447510184E-002
   13.0425288316307       4.583429506176987E-002  3.524936584062208E-004
   13.8329851244568       1.391938053517848E-002 -4.929884239588604E-002
   14.6234414172829      -5.220959833558342E-002 -2.842238322809265E-002
   15.4138977101090      -4.398787511625582E-002  5.536298503668544E-002
   16.2043540029351       5.979489739082237E-002  6.045905469725990E-002
   16.9948102957612       7.711332595542814E-002 -6.668385268077393E-002
   17.7852665885873      -7.697405589349203E-002 -9.240765602215055E-002
   18.5757228814134      -0.104037766791957       9.071444442616500E-002
   19.3661791742395       0.106432442224033       0.109601795217784     
   20.1566354670656       0.107772103632827      -0.121142334547575     
   20.9470917598917      -0.131348739099073      -9.926752031836221E-002
   21.7375480527178      -8.678513251837701E-002  0.134586200953130     
   22.5280043455439       0.130436621999891       7.380442024584996E-002
   23.3184606383700       6.311786159255157E-002 -0.120364334813503     
   24.1089169311961      -0.106695959983060      -5.604012960550526E-002
   24.8993732240222      -5.252498637105348E-002  9.157734206555943E-002
   25.6898295168483       7.644168789843474E-002  5.176336615022815E-002
   26.4802858096744       5.275981836986134E-002 -6.198550332115711E-002
   27.2707421025005      -4.838908043475532E-002 -5.466217192006365E-002
   28.0611983953266      -5.686582930619283E-002  3.555702792299800E-002
   28.8516546881527       2.328512417141435E-002  5.899708159565970E-002
   29.6421109809788       6.085982184189274E-002 -1.134942964363177E-002
   30.4325672738049       4.550787870476270E-004 -6.238773231577449E-002
   31.2230235666310      -6.361454238472287E-002 -1.229886691916929E-002
   32.0134798594571      -2.430564698998457E-002  6.466058178776592E-002
   32.8039361522832       6.572717546511700E-002  3.653115994635157E-002
   33.5943924451093       4.892669219074051E-002 -6.708549385792532E-002
   34.3848487379354      -6.904198104551625E-002 -6.129015446609126E-002
   35.1753050307615      -7.322262914149617E-002  7.186273944495858E-002
   35.9657613235876       7.565300002772021E-002  8.412639638860536E-002
   36.7562176164137       9.328717065339814E-002 -8.022068500546191E-002
   37.5466739092398      -8.499317983054147E-002 -0.100057242463828     
   38.3371302020659      -0.104092107351792       8.906768694572446E-002
   39.1275864948920       9.142258887834991E-002  0.105528012397517     
   39.9180427877181       0.104987349797127      -9.121530734335831E-002
   40.7084990805442      -8.801985653551292E-002 -0.103389575837027     
   41.4989553733703      -0.101665121885357       8.188684974134335E-002
   42.2894116661964       7.322091369693143E-002  0.100518665353010     
   43.0798679590225       0.100333682202878      -6.256970304216991E-002
   43.8703242518486      -5.043511168080088E-002 -0.101213900529969     
   44.6607805446747      -0.103097612243913       3.716569155868154E-002
   45.4512368375008       2.292938919567566E-002  0.105880926677072     
   46.2416931303269       0.109518397841352      -7.736867495027777E-003
   47.0321494231530       8.511184997630067E-003 -0.114100140532934     
   47.8226057159791      -0.119918518425829      -2.596070553907089E-002
   48.6130620088052      -4.471184558356893E-002  0.127534329698190     
   49.4035183016313       0.137833466655698       6.466782057362327E-002
   50.1939745944574       8.529177056577350E-002 -0.152027931596581     
   50.9844308872835      -0.171501833759787      -0.105269072827491     
   51.7748871801096      -0.122169259896898       0.197362990989613     
   52.5653434729357       0.229615466524853       0.132369561260555     
   53.3557997657618       0.131639198989915      -0.266122797444727     
   54.1462560585879      -0.301962089905041      -0.116641061590520     
   54.9367123514140      -8.698232210435977E-002  0.330025068479464     
   55.7271686442401       0.343253695444215       4.662078222700958E-002
   56.5176249370662       3.292446148308786E-003 -0.337657471950985     
   57.3080812298923      -0.314253638060692       3.421690297325111E-002
   58.0985375227184       5.944652802440759E-002  0.278542867747928     
   58.8889938155446       0.237907588438673      -7.022411576802037E-002
   59.6794501083707      -6.833823097188013E-002 -0.198716853200757     
   60.4699064011968      -0.164716039350432       5.769719531387079E-002
   61.2603626940229       4.239323562200408E-002  0.137014087200850     
   62.0508189868490       0.114986065269054      -2.556558547318311E-002
   62.8412752796751      -9.131477535983833E-003 -9.727480597518703E-002
   63.6317315725012      -8.246283414267219E-002 -5.983131961722600E-003
   64.4221878653273      -1.948231215543530E-002  6.937226996057938E-002
   65.2126441581534       5.712146902122444E-002  3.140444390942476E-002
   66.0031004509795       4.194147995513487E-002 -4.507268903053156E-002
   66.7935567438056      -3.275361712799739E-002 -5.135506136208917E-002
   67.5840130366317      -5.995853962094173E-002  1.979044273521009E-002
   68.3744693294578       5.867739656886709E-003  6.814232799059848E-002
   69.1649256222839       7.642909791883959E-002  9.273146961318500E-003
   69.9553819151100       2.577828100016473E-002 -8.554447390800231E-002
   70.7458382079361      -9.647064128504888E-002 -4.354164727810889E-002
   71.5362945007622      -6.196782520582825E-002  0.110412243301131     
   72.3267507935883       0.128564314314416       7.968306932312207E-002
   73.1172070864144       9.436248726536782E-002 -0.151590179154944     
   73.9076633792405      -0.178875996385870      -0.102959026857427     
   74.6981196720666      -0.102561810887563       0.207924458490414     
   75.4885759648927       0.234457364118908       9.173137768932796E-002
   76.2790322577188       7.162623035898616E-002 -0.253562464780090     
   77.0694885505449      -0.261505266180144      -4.607808006197513E-002
   77.8599448433710      -2.035222030594057E-002  0.257195337232193     
   78.6504011361971       0.242426359216843      -7.466714896100374E-004
   79.4408574290232      -1.434055800570960E-002 -0.220855468673332     
   80.2313137218493      -0.196473196421993       1.986001328191361E-002
   81.0217700146754       1.847014158461503E-002  0.172416059027709     
   81.8122263075015       0.150505843846197      -1.212725881584152E-002
   82.6026826003276      -2.792067458042218E-003 -0.131391119165860     
   83.3931388931537      -0.114955815886606      -7.989965479133623E-003
   84.1835951859798      -1.918992906597351E-002  0.100721817933470     
   84.9740514788059       8.812565392887281E-002  3.022189901069024E-002
   85.7645077716320       4.081625816717577E-002 -7.666422150166073E-002
   86.5549640644581      -6.595147057467263E-002 -5.090503627826623E-002
   87.3454203572842      -6.053903909104812E-002  5.573029327218175E-002
   88.1358766501103       4.586968099157136E-002  6.983247638550831E-002
   88.9263329429364       7.892192906368374E-002 -3.636180560595426E-002
   89.7167892357625      -2.732103542892994E-002 -8.792554744824022E-002
   90.5072455285886      -9.689240057160545E-002  1.897638083197118E-002
   91.2977018214147       1.164103706296717E-002  0.105741794965872     
   92.0881581142408       0.114208701058704      -5.642474369854000E-003
   92.8786144070669      -1.211284931244526E-003 -0.121828108063585     
   93.6690706998930      -0.127992935344642      -1.642741067898891E-003
   94.4595269927191      -3.209949674122289E-003  0.132092655670407     
   95.2499832855452       0.133690018747783       4.059900912180552E-003
   96.0404395783713       4.910267761641694E-003 -0.132656696577313     
   96.8308958711974      -0.129201436896111      -6.438929837864392E-003
   97.6213521640235      -9.124289269136976E-003  0.123782952975102     
   98.4118084568496       0.116959643435320       1.317508925010680E-002
   99.2022647496757       1.855581413114649E-002 -0.109247289072086     
   99.9927210425018      -0.101031559320541      -2.507024022219634E-002
   100.783177335328      -3.245597523814959E-002  9.254313238495776E-002
   101.573633628154       8.387678917015937E-002  4.045875336855015E-002
   102.364089920980       4.887709122383765E-002 -7.502963957666785E-002
   103.154546213806      -6.594047640690275E-002 -5.758255228111780E-002
   103.945002506632      -6.652592986666489E-002  5.652236168149122E-002
   104.735458799458       4.668843617960072E-002  7.573846463139990E-002
   105.525915092285       8.533344690926137E-002 -3.637553648022279E-002
   106.316371385111      -2.557240281060803E-002 -9.550900076320509E-002
   107.106827677937      -0.106547478978075       1.435973652906831E-002
   107.897283970763       2.967262232908129E-003  0.118800020257696     
   108.687740263589       0.132636915126281       8.154602997030733E-003
   109.478196556415       1.826768126751312E-002 -0.148339866553290     
   110.268652849241      -0.165921575210622      -2.632903214582836E-002
   111.059109142067      -3.109304147395531E-002  0.184895052012620     
   111.849565434893       0.204081292968149       3.139201725911255E-002
   112.640021727719       2.657770259260226E-002 -0.221604932242297     
   113.430478020546      -0.235209896766570      -1.696967670705008E-002
   114.220934313372      -4.052116265008024E-003  0.242877230211068     
   115.011390606198       0.243505708891355      -9.782096572264032E-003
   115.801846899024      -2.189617283043641E-002 -0.237303134157931     
   116.592303191850      -0.225670338271016       3.017403965832495E-002
   117.382759484676       3.351583153867506E-002  0.210661021751169     
   118.173215777502       0.194325676439019      -3.188827383649338E-002
   118.963672070328      -2.602208582902694E-002 -0.178238890957675     
   119.754128363154      -0.163329229131950       1.698797984820631E-002
   120.544584655980       5.847425322746874E-003  0.149952184898838     
   121.335040948807       0.138074547446741       6.543065315773769E-003
   122.125497241633       1.959179658830083E-002 -0.127461793764562     
   122.915953534459      -0.117817077094431      -3.295141017749934E-002
   123.706409827285      -4.646833209512843E-002  0.108865590426088     
   124.496866120111       0.100399372863545       6.013191117439581E-002
   125.287322412937       7.403444756627732E-002 -9.230168948643255E-002
   126.077778705763      -8.456660965068516E-002 -8.834138560072946E-002
   126.868234998589      -0.103263956458804       7.732404298741950E-002
   127.658691291415       7.087448546235639E-002  0.119021607485466     
   128.449147584241       0.135777386670524      -6.572925862993091E-002
   129.239603877068      -6.263807739638200E-002 -0.153528236100431     
   130.030060169894      -0.171940962695304       6.256535066943672E-002
   130.820516462720       6.655682690171724E-002  0.190154498533260     
   131.610972755546       0.206625985482870      -7.544134103540477E-002
   132.401429048372      -8.937278514335609E-002 -0.219163042046152     
   133.191885341198      -0.225294851593486       0.107350020992420     
   133.982341634024       0.126997438867976       0.223009819917578     
   134.772797926850       0.211625698485561      -0.144897012685183     
   135.563254219676      -0.157511962954954      -0.192329695733179     
   136.353710512502      -0.167988766929877       0.162333840820530     
   137.144166805329       0.158655918136713       0.142242468769024     
   137.934623098155       0.118350689398355      -0.147579500887030     
   138.725079390981      -0.131348009627526      -9.838073404807900E-002
   139.515535683807      -8.301909069319353E-002  0.112460566905439     
   140.305991976633       9.300173900354894E-002  7.188878848133569E-002
   141.096448269459       6.405533700681815E-002 -7.436046116701198E-002
   141.886904562285      -5.726441276323128E-002 -5.845864467241682E-002
   142.677360855111      -5.416658202044626E-002  4.196384848709969E-002
   143.467817147937       2.843108407841891E-002  5.046804463194419E-002
   144.258273440764       4.686860582781277E-002 -1.651198263307498E-002
   145.048729733590      -6.018584668272431E-003 -4.304550052685985E-002
   145.839186026416      -3.879594734055719E-002 -3.224172662016005E-003
   146.629642319242      -1.136043793411279E-002  3.399333442632890E-002
   147.420098612068       2.855450895432707E-002  1.850076907054383E-002
   148.210554904894       2.472666693308299E-002 -2.241659723179801E-002
   149.001011197720      -1.552056891037662E-002 -3.009830170367686E-002
   149.791467490546      -3.466408976899803E-002  7.799132738393281E-003
   150.581923783372      -8.324618119874318E-004  3.847237409594421E-002
   151.372380076198       4.158630972813174E-002  1.048284190492877E-002
   152.162836369024       2.128667020914810E-002 -4.410320191550991E-002
   152.953292661851      -4.617869703499815E-002 -3.339924566955677E-002
   153.743748954677      -4.697870820937480E-002  4.805392269249066E-002
   154.534205247503       5.007975444111788E-002  6.215090803442445E-002
   155.324661540329       7.895487992270585E-002 -5.272773798488167E-002
   156.115117833155      -5.657420015551342E-002 -9.727359063406157E-002
   156.905574125981      -0.116763929449146       6.224587035326370E-002
   157.696030418807       7.032363649650383E-002  0.136807969041996     
   158.486486711633       0.156509839767476      -8.121426649632886E-002
   159.276943004459      -9.501367776298542E-002 -0.174756922263434     
   160.067399297286      -0.190351444002131       0.111395422261121     
   160.857855590112       0.129562056149408       0.202200958835920     
   161.648311882938       0.209535034144689      -0.148292430038348     
   162.438768175764      -0.166100023547924      -0.212094546112817     
   163.229224468590      -0.210229848146567       0.181483577208855     
   164.019680761416       0.193209891107267       0.204859211592021     
   164.810137054242       0.197284158439414      -0.200542260041505     
   165.600593347068      -0.203339587529525      -0.188916062928301     
   166.391049639894      -0.181004998690497       0.202001965372476     
   167.181505932720       0.197300630130522       0.174453344969910     
   167.971962225547       0.169750244735510      -0.190167114622156     
   168.762418518373      -0.181511765042797      -0.167010185561095     
   169.552874811199      -0.166068850387000       0.172108437095495     
   170.343331104025       0.162545908197041       0.166589298478379     
   171.133787396851       0.168149827493237      -0.153225256336927     
   171.924243689677      -0.144378932208641      -0.170305585513271     
