 -4.664459775102843E-012
  1.880951515269469E-011
  -10.0077847785175     
  1.799500258698816E-012
  0.831750239423202     
  0.132745164368451     
  5.743887668416719E-013
   17.9094290158557     
 -7.675614571260525E-013
 -2.075793170865906E-012
 -2.235657799474229E-013
  -13.3699132032397     
 -7.661033258611162E-014
   3.84742706788741     
  3.880606920261662E-013
   3.86351185996517     
   3.75946924230177     
   6.01380444190691     
   11.3405439734497     
  -7.74094936599096     
  -1.04042220941289     
   3.25491837576757     
  -3.67928980373978     
   10.7273523591242     
   6.24657466701801     
   4.28813900780512     
 -0.907655844542852     
  0.303351876443432     
  0.184662455349723     
 -0.362391311465213     
