6.904651937093883030e-01
-3.743842894882432742e-02
8.480554762844808581e-01
-6.349394499364842404e-03
7.161201531847257926e-03
4.867921065828012539e-02
3.451021478879601895e-02
-1.419776578819844162e-02
-1.638149292777395195e-03
8.265309362326305198e-01
-1.879116943485916250e-02
-6.348822250349327179e-02
-4.278450564769021826e-05
9.201450501661755099e-02
7.872154401777409216e-01
-6.938228531501427349e-04
2.235964137174791498e-03
6.974341123237273905e-03
-1.632379760633145133e-02
-1.482634567324128683e-02
4.418688446723951363e-02
-1.964260851815755882e-01
-8.358019197224760000e-02
4.810491526804995532e-03
-1.601088780763713637e-01
4.887815333690116032e-02
2.435886795514083381e-03
1.024929643520304134e+00
-3.697744974093163800e-02
-2.407607710827237291e-01
2.912561210685076299e-03
1.509500353012387629e-02
-2.612728647132204762e-01
-1.312221995980373396e-03
-6.265639655573489175e-02
6.371583591395146851e-01
7.503112883615655621e-03
7.239608240025749084e-03
-4.793213510111312553e-02
5.521248694018435904e-03
-5.519220440673555834e-03
-5.339923239015642586e-02
-3.226462532470346367e-02
1.885665176417249643e-03
1.954571159879130993e-01
-2.093448810665388127e-02
-1.773668252295446807e-02
5.303685657882256524e-04
-3.360138109473063128e-01
1.096447254509768168e-02
-1.837463619005310017e-03
-1.005161954902782616e-02
6.824390204211672195e-02
-1.505344717162729632e-03
7.294611544288478466e-01
6.035716346227930872e-03
-1.260790687819985127e-03
3.913579255292821751e-04
4.623884456568915641e-02
-1.457853461829795583e-01
2.252569511930184280e-03
3.891057387328061834e-02
2.195189412437863977e-04
1.073909613253655167e-03
6.857342367462171406e-02
8.418498540233476657e-01
-6.837034560132353340e-04
-6.571384376961366411e-04
5.211787347266501856e-03
-6.972543964501028840e-03
3.961641915629530650e-03
-2.109197168085885296e-02
1.301570918218575117e-03
-1.484140357928848293e-04
-1.056600918180602630e-02
4.612716803334020177e-03
-8.899817583939761967e-03
1.000682004437777883e-01
-1.913765983202848908e-02
3.937661910639531082e-02
3.231014050997394610e-04
-4.286380809038035922e-02
-3.161013353887019012e-02
1.425907295038168722e-03
2.741797905498469853e-04
-6.417876596861808551e-03
2.405608168007595640e-05
-2.816228284329647114e-01
-1.816033256246698813e-01
-3.128627495762467898e-04
7.503810977597218379e-01
1.414068510741284951e-02
6.825392618580380065e-03
-3.315920883544107214e-04
-2.833443180106860401e-02
2.536168253674745202e-02
-2.855307318447622401e-04
-4.214730939520304302e-03
-2.484584321797565082e-02
4.454673183254904880e-04
-1.552701900830687487e-01
-3.248557845039301006e-01
3.040210066981283155e-03
1.109131046957790440e-01
6.807578693210513121e-01
5.065059893982987258e-04
1.463871904274518815e-03
6.101227037282131241e-04
-5.294019438938855600e-06
-1.333742415025449294e-03
-1.135051945969357519e-03
-4.269270980723184009e-04
7.433626668503915183e-05
6.349630511606880329e-03
-5.507613884840555606e-04
2.464167116168974794e-03
-2.818667930215136216e-02
5.014583436717894895e-03
3.741071143264945481e-04
1.056438732332757729e-01
1.365780392528218945e-03
-1.059090340422572237e-03
-8.689042805975713156e-05
2.247462263702091831e-03
-5.524908313918116144e-04
-1.012467824141955250e-04
-4.915733196172850355e-04
-4.439088412416709612e-04
-2.136830159835707024e-05
-2.366885334040723377e-02
1.063354298384395179e-03
-1.113315938751137672e-04
-2.431920260837589776e-01
2.126208849004750101e-02
-2.475048785563279015e-03
5.235543704474695526e-01
3.759132987129174507e-03
-7.077378229133449682e-03
7.717162112740913297e-05
-6.055780559096756929e-03
-2.017492153796871576e-03
1.092288319105850076e-04
3.115432428983832327e-05
-5.594983404808776331e-03
-1.588829289818172001e-04
-2.148512601214307149e-02
9.261090889681789645e-03
-1.645836323299813104e-04
2.458248756390225484e-02
-9.435899698418331871e-02
-8.062700991657867919e-05
8.607922215132858199e-03
6.266239778873613497e-01
-1.318584240199590068e-04
-2.433207424655649419e-05
2.754320813821549419e-03
2.336474736189783402e-05
3.562745967509031253e-05
1.051390559292164975e-02
-3.540009649929262638e-04
6.087879394691137744e-05
-2.696959904775047276e-04
4.722394784239007594e-04
-3.078745241191265447e-04
-6.065120317788434690e-03
-3.062865706197980421e-03
1.888517643548120269e-04
-5.913679636697473374e-02
-7.851695230037184078e-04
5.710809711372063103e-04
5.880101502574019978e-01
-2.132191717085059335e-01
6.304385179500360259e-02
-3.470426627603615758e-03
-2.340099537530716811e-02
2.868224612935999299e-02
-1.066258625014004143e-03
-3.020757897411521439e-02
-6.959302366529106221e-02
-3.064089644723939692e-04
4.261667351511686658e-02
-3.201855191475952433e-02
1.800938306555558473e-03
-1.300593210322361082e-01
5.807519971024444755e-02
-1.514368967111748635e-03
-1.143143843094002535e-02
3.243765509005868547e-02
1.525555926776240148e-05
6.449702086351156716e-01
3.566804426728261562e-02
-1.557625906357890111e-01
6.435662873458372667e-04
3.378304793371320058e-02
-1.897677275178317677e-02
-1.239577144010875552e-04
-1.552575386329890089e-02
5.352971307593090006e-02
-1.933641014122360448e-03
-4.000652071142669908e-02
-3.928633760665097008e-02
1.872336667660216825e-04
6.370551674885645277e-02
-2.035128795250765454e-01
-1.665146387013737191e-03
1.057972939502866382e-02
-1.849180054482974520e-03
1.898750971045813142e-04
1.584820834551828039e-01
8.791323706873129806e-01
-8.450868847296854475e-03
6.067882814384361733e-04
-3.343617190580674969e-02
-7.164373627707257839e-04
3.046143503648313122e-04
8.160435936102614432e-04
2.096144904077766949e-03
-1.203859235269182223e-03
-2.082431640829953204e-02
1.200144929457007230e-03
4.457205235840547286e-04
-8.302018774533152443e-03
-9.655940695694532373e-04
-1.985728150201302323e-03
-5.558578798973303620e-02
2.418699603796834103e-04
4.884807243000400959e-04
9.902450679119491252e-05
1.509307099644460227e-02
1.403313323248206283e-02
1.574561887030493934e-01
-7.749207460931926972e-02
-6.484276270946398579e-02
-2.799178860152317684e-03
1.177399454491756059e-03
-9.049083547751045342e-03
4.929036185244514310e-04
2.853688045858852797e-03
2.213711406625177430e-02
-8.696864073762256833e-04
-4.638360898558574127e-03
5.479150199671982413e-03
-8.044449146086816212e-04
1.542161613130485151e-02
-1.021170742310503234e-02
-1.069641929584087467e-04
-7.746848530255001555e-04
1.387463019794039258e-03
1.390050496446288092e-04
-2.756474825097121606e-01
-2.703195682168816893e-01
-1.000959518049867464e-02
3.346482873609249453e-01
-4.415066855399246704e-02
1.059896129062517893e-02
-1.443892493425057762e-03
-1.208810070591914178e-02
3.927182977624823525e-03
-4.875485500006352876e-04
3.183545548056202715e-03
-4.565903695951614542e-03
3.086233788870708632e-04
1.942759398410352778e-02
-4.077219508949079911e-03
8.036577956529768467e-05
-3.198920355746426997e-02
-6.062047836525275013e-02
-1.513967233244877149e-03
-4.327995378185353972e-03
1.738884297230634856e-03
4.436796332898336649e-05
-2.551619974288622528e-01
-5.007582744857477230e-01
-1.382139154100972718e-02
3.323960616555102221e-01
5.535416837383229094e-01
-2.627509608367191354e-03
-2.251743603200893808e-03
1.404863210467732250e-02
4.800770665238241874e-04
-2.964946382334629439e-04
-1.197610973792831305e-03
-3.774569985427523623e-04
1.409294731369572281e-03
7.874619476239052770e-03
-5.656191793870603887e-04
-5.857240088423912609e-04
4.006374049558177053e-03
-4.309122744615379529e-04
-1.011023362943009197e-03
1.571488378117418330e-02
-2.198045895584891708e-04
1.338397110492348899e-04
-2.274404702714393888e-03
-9.287821332519870937e-03
-1.343897141022923000e-02
-6.106588964919799217e-02
1.285110839759022114e-02
1.650732192377553711e-02
2.943028787538403204e-02
-7.967871204246354533e-02
-2.275009443205322501e-02
3.737545092826611952e-03
-4.213073457286757584e-02
4.532540149879727559e-02
3.039455464538461018e-03
-6.661160427027171815e-01
9.370612701414919588e-02
2.470058371471163874e-02
5.885731575647673358e-04
9.896538635139037255e-05
1.520962372365756079e-05
-1.915552344080157648e-03
6.029181509743616885e-03
2.473761036123204899e-04
3.172866004764222860e-04
-9.710778278572343566e-04
2.035912385356998013e-04
1.624165935001579963e-02
-7.439792640787764623e-03
3.852438859217784941e-04
-6.996178122688147434e-03
-2.314896165437771870e-03
8.580027525846638204e-05
7.890946965788444567e-01
-5.292458220646097805e-02
1.866940243980626593e-02
1.502735579985814635e-03
7.416849891518785542e-02
-1.537040842695710889e-02
-2.573078413672202306e-03
9.255574143335518200e-02
-1.167175609940725722e-01
-4.031542326722922960e-03
-1.275870652734442667e-02
-5.009745278685906293e-03
-1.154484867523933929e-04
7.342381205380885296e-04
4.734802876227180851e-03
-1.041569302200666890e-04
2.548741206435380601e-04
1.588682319030940019e-03
-9.686395177856279049e-06
1.393308288853093400e-02
-1.166139795135486337e-02
7.735074799913715113e-04
-5.476557247510706328e-03
1.061044561962038455e-03
-4.007156690392404052e-04
-1.157073299924329113e-01
1.142953735616623889e-01
4.427956452937172396e-03
6.791281614339117370e-05
1.783045492781644772e-02
3.359585516907745342e-03
-1.940999983398982364e-03
1.747873509281130597e-02
2.348627001650410717e-02
-3.385521218199654368e-03
-7.778364887945708739e-02
3.448157032436127548e-04
-3.124682299793189993e-04
5.972022857566209458e-03
-5.252865442099129720e-05
-4.688925586266355595e-04
-1.944177287712227581e-03
2.045472960939706295e-05
3.636399448812689634e-05
-4.175774176530271564e-04
-3.182134232129340688e-04
1.173589499290917911e-03
8.090007393039748071e-03
1.607904839917596851e-04
-2.550511785686645290e-04
-9.717985028336117255e-04
-3.165238534198355075e-02
5.051660314856079061e-03
3.952430076944919712e-02
1.488787856054890916e-03
5.896835792482922611e-04
-2.596337954074325722e-05
-1.212544941739202541e-02
3.905466976644089011e-02
-5.239429106702110130e-04
-4.454122050162452780e-03
-5.733505118623473742e-03
-4.880804539702590650e-04
-7.878474655208962674e-02
6.780078523797256063e-02
-6.269821545561481482e-04
1.080068297351646951e-02
-2.050665695874973743e-02
-4.759266856935155241e-06
2.019765384265490710e-03
-1.521995655375224955e-03
6.356453402208832619e-05
-5.487294173398950779e-03
-1.306451814559772854e-03
7.163811665471828214e-05
1.088218343383763002e-03
-1.870576960892666313e-03
-3.545243368936085734e-05
-1.707913830718728971e-03
2.434534272755447919e-03
2.170248212100171303e-04
8.654641096904548692e-02
-8.488245657936423823e-04
4.351941292053019422e-05
-1.154535120176950277e-04
-5.460052711877380789e-04
-1.129896135672450296e-03
6.654400175854743994e-06
-4.354963338213439458e-04
3.232591673573966939e-03
6.361346390807958297e-05
7.526810186516259826e-02
-3.444231430358190571e-01
3.749760192850430923e-03
8.737885527205269814e-03
-1.639193558509156184e-02
3.310252783036422126e-04
1.633299310471195576e-03
8.440476934331779622e-04
-1.354376877595213152e-04
-3.432841478214555906e-03
-6.253063499906117480e-04
3.215841395598564314e-04
4.102241967801146041e-04
-1.059512259536320470e-03
-8.139904056542649033e-05
3.000216205179536766e-04
-6.369074068504269708e-04
4.556347844840548465e-05
-8.018030430883985038e-02
3.586943070654984300e-01
5.111660454144688077e-05
-8.828626220520325695e-05
-2.443513143515882360e-03
3.169497330261640371e-04
6.370511367151512677e-04
-1.322297034460807527e-03
-2.077640281307940114e-04
-5.291441079672562844e-04
5.144134616055048848e-03
-1.288305846616005388e-03
4.630478628700185166e-03
-3.326697102053542687e-02
-3.565199500833634563e-04
-3.331154645521579565e-04
4.405609548569448114e-03
2.995951924125080123e-05
-1.088794748319468997e-04
-5.877234300411164104e-03
1.152539802028223814e-04
2.683894769963983884e-04
1.216653412542584821e-02
1.276457719156820513e-04
-3.222406179490468501e-05
-1.738970044565239792e-03
2.862000912524054978e-04
-7.833577132013573347e-05
4.245479126329326585e-04
1.256945154772066454e-03
-4.243873636845202878e-03
2.383238360874018885e-02
-1.208365923227695954e-01
1.319275355616137402e-01
4.494295157332424580e-03
-3.517042507450927804e-03
-5.608202978811785595e-03
2.004659386506143332e-04
1.961689055747630264e-02
-2.574766352926191257e-02
-1.299096362987415751e-03
-2.173161835602782990e-03
-6.470370602078981750e-04
2.955075088062749733e-04
-6.932111271010681260e-03
-6.841110385765981298e-04
-2.833052771178367333e-04
1.819341937991262388e-04
1.869725177896702827e-03
4.243209910519238013e-06
-4.416653666193392537e-03
3.957985789355245032e-02
1.546401369547524508e-03
5.062211740864778001e-03
-5.098396790321067969e-03
-8.030035273896040976e-05
-2.320306240804983437e-03
4.178137630785264470e-03
3.097524250120843895e-05
9.350422380111828079e-05
-1.320531604596008313e-05
-8.845893916558919599e-05
1.150524095265817170e-01
1.280161723564588738e-01
-4.097278170554079502e-01
-1.068720031884744584e-02
-5.358947123736564587e-03
-1.461795091281767626e-03
4.827432356536126134e-04
1.377384318196438716e-02
-2.070346856145792447e-02
-1.480455566197907231e-03
-4.230089714981296635e-04
5.324340184678651817e-04
-1.813169732527172113e-04
-5.938639856700623912e-05
1.421466298414804505e-03
-2.701251038503243562e-04
8.325619219180590714e-06
1.500028072626867015e-04
1.011608474590076597e-04
6.884333712713272806e-04
2.010137112971017905e-03
-4.571189798121906344e-05
-1.430942476589247385e-03
-1.223712304313541660e-03
-3.239877733870432091e-05
2.419296129717609517e-03
3.855670602687984866e-03
5.475461724952456860e-05
-4.161286579316337999e-06
2.216611627669374650e-04
7.768120217670524503e-05
-1.384127992858353029e-01
4.254760078057390760e-01
6.252378894392363398e-03
-1.568147145754446303e-02
-1.609816273823648503e-02
3.739960921642694635e-04
6.971729893047139679e-05
4.717541454879034188e-03
-2.746058196533607320e-04
2.201767544506566445e-03
-2.160802177625267655e-03
8.853666671896913052e-05
-5.847371514034136191e-05
-6.758789914483971043e-04
-4.481228273071283111e-04
-3.012740792497469109e-05
4.151179568043095701e-03
3.224855714747866547e-05
3.573024728837996387e-05
8.090665369812467084e-05
-1.273425599924104005e-03
1.320813056040142904e-03
5.229334867971481126e-04
5.609985072448677975e-04
2.335859058254777709e-04
-4.472577812933160174e-03
-4.957490698493141308e-04
-1.022293365267979239e-04
-4.049778108130181430e-03
4.014206613782420377e-05
6.096897216596412925e-06
-5.713753616721159185e-04
-4.808248924178583697e-03
1.196989950725313792e-02
1.741123901524732967e-02
-1.076712747747047942e-03
4.490418242370101780e-03
1.570842607689626187e-04
-2.394709258547053909e-01
-1.995016150953536627e-01
1.321720046858197370e-02
1.872105450345161112e-02
1.130279213896990577e-02
-1.055724549732326139e-03
-1.513152725014975560e-02
-2.793555808280128588e-02
1.243633153090342768e-03
-4.190930509799723098e-03
5.239931528146844590e-03
4.887345812358359507e-05
2.772358748590345997e-05
-1.219767538086781369e-03
-3.457855811451630628e-05
-8.154225897008116194e-04
2.064611098454883036e-05
5.891406620676234088e-05
6.061753217288316483e-04
4.388543950612076210e-04
-5.756188475206817175e-05
-3.744448039175570387e-03
-2.015928343699958415e-03
-5.430074281539460133e-05
1.050935240261700746e-03
1.133970065066906114e-04
-5.457977087896150867e-05
8.570596306054974753e-04
7.288340995942663549e-04
3.967892820138148058e-05
2.435576823362348986e-01
4.389956545718919252e-03
-6.017540610789482401e-03
-1.889741855490865768e-04
-1.965685945875517149e-01
-3.064174282542346806e-01
1.459897863667416681e-02
-3.011557369986464158e-02
-2.096831383284223152e-02
2.194916080899681800e-03
8.431141143192584161e-03
1.297896001784596721e-02
-7.001416802873460313e-04
3.234162623951533297e-03
1.637362946664247922e-03
1.930569742211685430e-04
6.616518952035347256e-05
6.735245091046255335e-04
8.339591899591614673e-05
2.303370013142859527e-03
-2.162734907098475250e-03
-4.239908133909267948e-05
-7.016881657844904730e-05
1.060086977156513705e-03
1.072958024130381330e-05
5.008236954383546479e-04
5.311382244312291660e-03
-1.131052751686266900e-04
4.033972969101874088e-04
4.226370453858262948e-04
-1.464884482169036533e-04
-1.338660649790279289e-03
-6.048569385606715346e-04
2.693969755600210720e-05
2.081993326625149465e-01
3.142399932591476430e-01
1.151557211647700904e-04
-1.262221592328226997e-04
3.637238872649804083e-03
1.584123510249794975e-02
1.880850204815897111e-02
-5.334737033338479532e-03
-2.067761694226902464e-04
-1.686680568005057348e-03
-1.678035458225192195e-03
-1.822638347227440283e-03
-1.370336440295633713e-03
-8.223688993212947482e-03
-3.282581443213032266e-04
3.831462425600565204e-04
2.275429697655402886e-03
-5.582413206782409708e-05
-2.403284027345175695e-05
2.402427193993692152e-03
4.903030987432249526e-04
-2.178673804734074248e-04
-7.523692233359146686e-04
-1.448858674526169591e-04
1.913689867602573545e-04
-4.210519264795901267e-04
-5.307197431130652489e-04
9.388812654821559783e-05
-4.182152716048249952e-03
7.497558773700396914e-05
-4.615939277675016689e-05
-1.209454999989330922e-03
8.715368222401036799e-05
-1.339443465114424680e-04
1.222986635946385521e-03
-1.358483114757079099e-02
-1.589278293480834298e-02
1.236943371171009276e-02
-5.388484985327047843e-04
2.341152171996481283e-03
6.738376402112895738e-05
-6.208550490298443504e-06
-1.708346817992508165e-04
-1.930484950039484471e-04
6.273358212129691780e-04
7.066848726577720655e-04
-9.748743496245048920e-07
2.400299864150045193e-03
1.796044217589415782e-03
1.583616340200098436e-04
-8.442266844473677104e-03
3.492288750513688339e-02
2.531196334354552388e-04
-6.303688791715522655e-02
5.628755818168777042e-02
4.458514056487501427e-04
-6.769918925005273536e-03
-1.828238345439556559e-03
-1.183630538350233041e-04
1.105251601945711395e-03
-5.697616946457333045e-04
3.072366724941854477e-06
-3.222107717039450698e-04
-3.098224845696566604e-04
3.741550161212794668e-05
-2.479176365599076548e-04
-1.058973312643935209e-03
-6.132146878066261825e-06
-6.512344706723583940e-04
-8.455440893327879058e-05
-4.674201533676826018e-05
6.125334578591654696e-05
6.061797317942409658e-05
6.526050165430650985e-05
7.020422937847403677e-02
2.917070451221319871e-04
-5.008087668124302372e-05
-4.976024070939769745e-05
8.262059024298207526e-04
1.800194144717789859e-04
3.423777368785268707e-05
-6.140854775369759995e-04
-5.247441477719651584e-05
-2.657539866405666051e-05
-2.378384751374065711e-03
5.214771156741197051e-04
-5.413544218118688820e-06
-1.048962462652670152e-03
-2.571347644245809347e-03
-8.814393132471676814e-05
5.833938916820204101e-02
-3.241310909049222033e-01
-2.070672219727018662e-03
-4.603754361445901253e-04
-3.997856361472717905e-04
5.872297501684175088e-05
1.101223048956542295e-03
5.480512453557155909e-04
7.718427339817013932e-06
3.466456114874940210e-04
1.928902671191722181e-05
1.811688249577774211e-05
6.046442983447270630e-04
3.091520112246530267e-04
2.505692118735082290e-06
3.702899991493017789e-05
9.869194212778462138e-05
7.921427818393818638e-06
4.244879318920014353e-05
-5.016623570253028855e-05
-1.014375307193085522e-05
-6.393970128535704511e-02
3.488668352432492403e-01
9.478594227947334880e-06
4.418384419407063278e-05
3.560764814200547378e-04
4.776836178430997614e-05
1.812266668348478882e-05
-3.879720520925918417e-04
-7.036699654567305949e-05
-4.104981069667150255e-05
-1.313484776775180273e-04
8.192538992018836728e-05
6.320934324884725734e-05
3.847350310080742907e-04
-1.607951925596239344e-04
5.621482047568555126e-04
-1.821446851025312289e-03
4.557456266929711935e-04
-2.139308838877501673e-03
-5.180031609940380366e-02
-2.311051477234481156e-04
-2.312523768102552947e-04
5.987166863512333398e-04
1.963158693582427226e-04
7.571370407413637992e-05
5.028617082066237252e-04
5.767189584329026665e-05
-1.291922071051957241e-05
5.171645966891514549e-05
2.030127392058796472e-05
3.036143300967106371e-05
2.443385298698640541e-04
-5.342782532488050880e-05
5.371286583928467230e-05
-1.520244017776595431e-04
2.309706705765604453e-05
1.531668676582049666e-06
5.620519413055482676e-05
-3.916912449603101752e-04
2.301851293157219144e-03
4.825048246231395527e-02
6.645295177589448420e-04
-9.348260951157406256e-05
3.469104233227690614e-04
-2.371077288226891653e-03
2.192280892758416519e-04
1.848279134048186377e-03
3.207548225113159186e-04
-1.856444361975290733e-03
-1.863565458575615601e-04
-8.625576908230493884e-04
3.101069217086836055e-03
-2.037287215812569243e-03
-1.895738749829879027e-02
-1.546902402710398014e-02
-2.572225564934162503e-02
-9.091335275414239026e-02
-4.654197644714715143e-02
-9.393856798250503626e-02
-1.192682271036620261e-03
-2.735222795400647517e-03
-3.032364272114575839e-04
1.857107672338141526e-03
1.155615665048431934e-03
5.507621112416717949e-04
-5.657167419090934754e-04
4.773352349743299338e-04
-2.971154516774628440e-05
-1.449690669949085906e-04
3.267917284444736277e-05
-1.007369569026060792e-03
-3.256135431022243946e-05
9.102400872730157042e-05
-2.813093340603021932e-05
-2.421666684104479335e-04
2.531350772570340846e-04
5.910501175726994884e-04
2.669665474540784157e-03
3.312863663833023366e-03
7.614803551521160188e-03
1.034637815958815432e-01
-5.154212905734718159e-04
-5.941516479745059446e-06
-2.309811781058066632e-04
4.918339279500093730e-04
-3.351042473519031425e-04
-2.167896745523638369e-04
-4.347788444082285647e-05
7.188058078930236253e-04
2.813306418122284093e-04
-5.041459240926893107e-04
-3.351855759576838865e-04
8.160301038978595321e-05
6.565135439859011999e-04
3.114341555226008036e-03
4.742779423716591246e-03
-4.534782341567437230e-02
-1.009467902230277436e-01
-9.855087083590288732e-02
1.469395283123698173e-03
2.456285311657860652e-04
6.224479613347453548e-04
-7.405009711307988796e-04
-1.828235638960429320e-04
-2.855348675561315288e-04
1.464361503092264966e-04
-1.470656407556144359e-04
3.726794337820541549e-05
1.042272318582328932e-04
2.143449102984368825e-04
-2.180608618905166486e-04
-6.821017184665673106e-06
-4.533398378079565871e-05
-2.422995837828751146e-05
3.326474174442927036e-05
-5.375788833137856362e-05
-9.046480212933783859e-05
-1.365632580183534332e-02
-1.136040034952873375e-02
-2.758504495629503575e-02
5.163667844597694817e-02
1.030076972911037059e-01
5.124197569956982909e-04
3.125596873025110879e-04
-9.230093569304864405e-05
-1.012167494293840302e-04
3.549005594793362933e-04
-3.392216433841845893e-04
-9.834294225910940280e-05
-5.106440259550691337e-04
-9.936186855959890378e-05
8.972694772231261601e-04
3.929141382086177945e-04
3.893877599132083045e-04
7.650221539858645002e-04
1.905981254650751175e-03
4.113035126637186109e-03
-9.216235862655818012e-02
-9.875700582436765240e-02
-2.436974522953633260e-01
-1.315526334880813206e-03
-1.550019631893747966e-03
4.881359173130345066e-05
1.472766141341138365e-03
2.926892207701365495e-04
2.768837694146565652e-04
-5.345583557729095462e-05
7.219927212997835956e-05
2.074086783095913130e-05
2.345698664743985616e-05
1.059630394693514001e-04
8.880058352347945823e-05
-8.482563393380307697e-05
2.376234245806472430e-05
1.580320695481185670e-05
5.969270386824538320e-05
2.001369310300736367e-05
-5.782499249805529939e-05
1.633219527346835677e-03
2.593441169384755936e-03
1.799658975327488681e-03
9.992069957553099957e-02
1.076993329470234267e-01
2.595351349194179313e-01
7.611506410394666688e-04
-1.136428445873269495e-04
-1.446595373773500821e-04
-2.362172904014146150e-03
1.836123730812042119e-04
-1.879524891240052500e-03
4.146029601332811205e-04
-1.930751684617759267e-03
1.813668544020481329e-04
-1.265090712832425864e-03
3.072193126657361655e-03
2.153793988586572613e-03
-1.950936628711927995e-02
-1.588083129691608003e-02
2.495336578776618727e-02
-9.624993356915298448e-02
-5.118117034006848531e-02
9.693292241202197679e-02
-1.120348944216304930e-03
-2.634657689518682486e-03
1.341909435262213875e-05
1.653016708476389525e-03
1.034188960035645503e-03
-3.972885773312993937e-04
-6.034987193089330019e-04
6.045771957535034900e-04
1.614962080021892371e-05
-1.006314861101536824e-04
3.126090172297138595e-05
8.615359427252825735e-04
5.941089745597885797e-05
-5.414081530016319032e-06
-2.936469045197580104e-05
-2.696819323311575576e-04
2.417692877782904508e-04
-5.705011035424538586e-04
2.959313683366672585e-03
3.541716908301285622e-03
-7.565359717443305952e-03
6.285185796111343072e-03
6.302031435903998266e-03
-1.146816871084163809e-02
1.093711179645621562e-01
-5.972449954475228355e-04
-3.556190951742098605e-05
2.081075543963350647e-04
6.207843195100153262e-04
-4.448700036828179272e-04
1.581264139849295315e-04
-2.047138978723985858e-04
8.261071654867678136e-04
-2.825184278371601710e-04
-4.575705925742672956e-04
-3.103521204430858020e-04
-1.886785688936654505e-04
7.578788899318702988e-04
3.192498995137616619e-03
-4.587345647520383284e-03
-5.004475047107072999e-02
-1.048515299983801136e-01
9.984126028189352353e-02
1.468248862314866553e-03
1.531940181098343488e-04
-6.454514746694202084e-04
-6.606836747816613366e-04
-7.413377918719469553e-05
3.515009824216516038e-04
2.991346853254529619e-04
-1.621568605819752806e-04
-1.286425267891374133e-05
1.449274668754378767e-04
2.592279568842512007e-04
2.375820197940571165e-04
-4.800515782921791462e-05
-1.564060247474023828e-05
1.211172201221930385e-05
4.895548106833980790e-05
-5.158419640234815357e-05
1.348450629867327193e-04
-1.443076429236333884e-02
-1.190680247874082408e-02
2.689080523210542889e-02
6.397225374809507523e-03
6.159606023637187455e-03
-1.297619663443536943e-02
5.670038213672980859e-02
1.072634178889550899e-01
-4.348067810242333894e-04
-3.010882144405847838e-04
-2.084980373561449735e-04
-3.371967363093725245e-05
-2.915713738912799335e-04
-3.841755110463928669e-04
2.060565378389942956e-04
3.985075529550664852e-04
-4.319855459893799741e-05
-8.594647567786786735e-04
-3.084874122090547344e-04
3.336710556807339603e-04
-1.423475898289630615e-03
-2.369582826187505847e-03
4.530674125648959279e-03
9.526877341457286319e-02
1.000600379307905741e-01
-2.342481827841820796e-01
1.289755500622640633e-03
1.461595161870709106e-03
2.241688308179297113e-04
-1.424628198224905939e-03
-2.755495414557759815e-04
2.045505306816646396e-04
-7.411330599561838373e-05
-4.582747858651028613e-05
-2.012016701356719164e-05
-9.531526544290930270e-06
-8.786731288578861210e-05
1.894787608023016691e-04
8.061205450728939521e-05
-3.576875821610517661e-05
4.880479775901469335e-05
-6.793946442576470623e-05
-1.265510422329002571e-05
-8.227127939156616936e-05
-1.889336525066918687e-03
-2.788975184904440678e-03
2.058706875397573431e-03
1.243449060549750920e-02
1.374203739954481945e-02
-2.200008159636297062e-02
-1.030528478829516037e-01
-1.091537021110448313e-01
2.493385906850435763e-01
