  -19.1337673690881     
   13.6574637264465     
  -10.7267786138545     
   5.78764147169999     
   1.12165863983489     
  0.584116441730007     
  -17.8804743362718     
  -1.37397579005501     
  -14.0157209355773     
 -0.974740241934774     
   13.6027056226541     
  -1.69551418991962     
   2.14954074278370     
  0.147337240723989     
   11.7991523355614     
  -11.2197346557023     
 -3.472418927532569E-002
   6.56482824476376     
  -5.86247835631529     
  0.376365216259287     
   5.18713201524970     
  -6.96948477280306     
   9.10227869811767     
  -6.53354511634962     
   12.3734732514801     
  -1.84724938985943     
 -0.910634689862200     
  -3.83769187820316     
  0.611474344947618     
  0.324782407478895     
  -8.46872432184615     
  -8.15692895413643     
   1.38085415594929     
 -0.178668974439971     
 -1.013151120026443E-002
  9.125557038213435E-002
 -0.668756564886013     
  0.161182041192522     
  0.557409691061323     
