     4.00000     0.15905645E-02
     4.01200     0.16419903E-02
     4.02400     0.16960077E-02
     4.03600     0.17528170E-02
     4.04800     0.18126408E-02
     4.06000     0.18757275E-02
     4.07200     0.19423561E-02
     4.08400     0.20128410E-02
     4.09600     0.20875389E-02
     4.10800     0.21668565E-02
     4.12000     0.22512613E-02
     4.13200     0.23412934E-02
     4.14400     0.24375817E-02
     4.15600     0.25408634E-02
     4.16800     0.26520080E-02
     4.18000     0.27720476E-02
     4.19200     0.29022137E-02
     4.20400     0.30439812E-02
     4.21600     0.31991217E-02
     4.22800     0.33697664E-02
     4.24000     0.35584783E-02
     4.25200     0.37683338E-02
     4.26400     0.40030134E-02
     4.27600     0.42668973E-02
     4.28800     0.45651646E-02
     4.30000     0.49038893E-02
     4.31200     0.52901257E-02
     4.32400     0.57319780E-02
     4.33600     0.62386395E-02
     4.34800     0.68203956E-02
     4.36000     0.74885772E-02
     4.37200     0.82554547E-02
     4.38400     0.91340676E-02
     4.39600     0.10137983E-01
     4.40800     0.11280985E-01
     4.42000     0.12576701E-01
     4.43200     0.14038174E-01
     4.44400     0.15677412E-01
     4.45600     0.17504913E-01
     4.46800     0.19529228E-01
     4.48000     0.21756557E-01
     4.49200     0.24190432E-01
     4.50400     0.26831501E-01
     4.51600     0.29677432E-01
     4.52800     0.32722940E-01
     4.54000     0.35959952E-01
     4.55200     0.39377871E-01
     4.56400     0.42963938E-01
     4.57600     0.46703640E-01
     4.58800     0.50581145E-01
     4.60000     0.54579707E-01
     4.61200     0.58682027E-01
     4.62400     0.62870525E-01
     4.63600     0.67127518E-01
     4.64800     0.71435311E-01
     4.66000     0.75776183E-01
     4.67200     0.80132324E-01
     4.68400     0.84485727E-01
     4.69600     0.88818086E-01
     4.70800     0.93110721E-01
     4.72000     0.97344569E-01
     4.73200     0.10150025    
     4.74400     0.10555821    
     4.75600     0.10949897    
     4.76800     0.11330343    
     4.78000     0.11695318    
     4.79200     0.12043087    
     4.80400     0.12372054    
     4.81600     0.12680785    
     4.82800     0.12968034    
     4.84000     0.13232749    
     4.85200     0.13474077    
     4.86400     0.13691356    
     4.87600     0.13884105    
     4.88800     0.14052003    
     4.90000     0.14194876    
     4.91200     0.14312671    
     4.92400     0.14405446    
     4.93600     0.14473354    
     4.94800     0.14516636    
     4.96000     0.14535615    
     4.97200     0.14530696    
     4.98400     0.14502371    
     4.99600     0.14451216    
     5.00800     0.14377898    
     5.02000     0.14283172    
     5.03200     0.14167882    
     5.04400     0.14032953    
     5.05600     0.13879382    
     5.06800     0.13708230    
     5.08000     0.13520606    
     5.09200     0.13317653    
     5.10400     0.13100538    
     5.11600     0.12870431    
     5.12800     0.12628502    
     5.14000     0.12375904    
     5.15200     0.12113773    
     5.16400     0.11843216    
     5.17600     0.11565314    
     5.18800     0.11281114    
     5.20000     0.10991636    
     5.21200     0.10697864    
     5.22400     0.10400752    
     5.23600     0.10101218    
     5.24800     0.98001478E-01
     5.26000     0.94983880E-01
     5.27200     0.91967465E-01
     5.28400     0.88959894E-01
     5.29600     0.85968379E-01
     5.30800     0.82999666E-01
     5.32000     0.80060017E-01
     5.33200     0.77155200E-01
     5.34400     0.74290484E-01
     5.35600     0.71470647E-01
     5.36800     0.68699983E-01
     5.38000     0.65982324E-01
     5.39200     0.63321054E-01
     5.40400     0.60719137E-01
     5.41600     0.58179135E-01
     5.42800     0.55703236E-01
     5.44000     0.53293273E-01
     5.45200     0.50950743E-01
     5.46400     0.48676830E-01
     5.47600     0.46472417E-01
     5.48800     0.44338103E-01
     5.50000     0.42274224E-01
     5.51200     0.40280858E-01
     5.52400     0.38357853E-01
     5.53600     0.36504833E-01
     5.54800     0.34721222E-01
     5.56000     0.33006255E-01
     5.57200     0.31359004E-01
     5.58400     0.29778388E-01
     5.59600     0.28263194E-01
     5.60800     0.26812095E-01
     5.62000     0.25423664E-01
     5.63200     0.24096389E-01
     5.64400     0.22828689E-01
     5.65600     0.21618922E-01
     5.66800     0.20465404E-01
     5.68000     0.19366410E-01
     5.69200     0.18320192E-01
     5.70400     0.17324983E-01
     5.71600     0.16379002E-01
     5.72800     0.15480471E-01
     5.74000     0.14627611E-01
     5.75200     0.13818655E-01
     5.76400     0.13051850E-01
     5.77600     0.12325467E-01
     5.78800     0.11637801E-01
     5.80000     0.10987176E-01
     5.81200     0.10371953E-01
     5.82400     0.97905266E-02
     5.83600     0.92413352E-02
     5.84800     0.87228575E-02
     5.86000     0.82336170E-02
     5.87200     0.77721827E-02
     5.88400     0.73371706E-02
     5.89600     0.69272435E-02
     5.90800     0.65411126E-02
     5.92000     0.61775364E-02
     5.93200     0.58353216E-02
     5.94400     0.55133223E-02
     5.95600     0.52104397E-02
     5.96800     0.49256217E-02
     5.98000     0.46578620E-02
     5.99200     0.44061994E-02
     6.00400     0.41697169E-02
     6.01600     0.39475405E-02
     6.02800     0.37388384E-02
     6.04000     0.35428197E-02
     6.05200     0.33587333E-02
     6.06400     0.31858662E-02
     6.07600     0.30235429E-02
     6.08800     0.28711232E-02
     6.10000     0.27280016E-02
     6.11200     0.25936057E-02
     6.12400     0.24673944E-02
     6.13600     0.23488574E-02
     6.14800     0.22375130E-02
     6.16000     0.21329075E-02
     6.17200     0.20346133E-02
     6.18400     0.19422284E-02
     6.19600     0.18553742E-02
     6.20800     0.17736954E-02
     6.22000     0.16968580E-02
     6.23200     0.16245485E-02
     6.24400     0.15564729E-02
     6.25600     0.14923555E-02
     6.26800     0.14319381E-02
     6.28000     0.13749788E-02
     6.29200     0.13212511E-02
     6.30400     0.12705433E-02
     6.31600     0.12226572E-02
     6.32800     0.11774077E-02
     6.34000     0.11346218E-02
     6.35200     0.10941379E-02
     6.36400     0.10558051E-02
     6.37600     0.10194826E-02
     6.38800     0.98503905E-03
     6.40000     0.95235191E-03
     6.41200     0.92130692E-03
     6.42400     0.89179757E-03
     6.43600     0.86372457E-03
     6.44800     0.83699543E-03
     6.46000     0.81152396E-03
     6.47200     0.78722990E-03
     6.48400     0.76403846E-03
     6.49600     0.74188004E-03
     6.50800     0.72068979E-03
     6.52000     0.70040733E-03
     6.53200     0.68097645E-03
     6.54400     0.66234480E-03
     6.55600     0.64446364E-03
     6.56800     0.62728758E-03
     6.58000     0.61077435E-03
     6.59200     0.59488455E-03
     6.60400     0.57958151E-03
     6.61600     0.56483105E-03
     6.62800     0.55060130E-03
     6.64000     0.53686258E-03
     6.65200     0.52358719E-03
     6.66400     0.51074929E-03
     6.67600     0.49832480E-03
     6.68800     0.48629120E-03
     6.70000     0.47462750E-03
     6.71200     0.46331405E-03
     6.72400     0.45233253E-03
     6.73600     0.44166576E-03
     6.74800     0.43129770E-03
     6.76000     0.42121332E-03
     6.77200     0.41139854E-03
     6.78400     0.40184017E-03
     6.79600     0.39252581E-03
     6.80800     0.38344387E-03
     6.82000     0.37458341E-03
     6.83200     0.36593419E-03
     6.84400     0.35748655E-03
     6.85600     0.34923141E-03
     6.86800     0.34116021E-03
     6.88000     0.33326487E-03
     6.89200     0.32553778E-03
     6.90400     0.31797174E-03
     6.91600     0.31055994E-03
     6.92800     0.30329595E-03
     6.94000     0.29617366E-03
     6.95200     0.28918730E-03
     6.96400     0.28233136E-03
     6.97600     0.27560066E-03
     6.98800     0.26899022E-03
     7.00000     0.26249533E-03
     7.01200     0.25611150E-03
     7.02400     0.24983445E-03
     7.03600     0.24366009E-03
     7.04800     0.23758451E-03
     7.06000     0.23160398E-03
     7.07200     0.22571492E-03
     7.08400     0.21991392E-03
     7.09600     0.21419768E-03
     7.10800     0.20856306E-03
     7.12000     0.20300702E-03
     7.13200     0.19752666E-03
     7.14400     0.19211917E-03
     7.15600     0.18678185E-03
     7.16800     0.18151210E-03
     7.18000     0.17630741E-03
     7.19200     0.17116534E-03
     7.20400     0.16608355E-03
     7.21600     0.16105976E-03
     7.22800     0.15609179E-03
     7.24000     0.15117749E-03
     7.25200     0.14631479E-03
     7.26400     0.14150170E-03
     7.27600     0.13673625E-03
     7.28800     0.13201654E-03
     7.30000     0.12734073E-03
     7.31200     0.12270702E-03
     7.32400     0.11811365E-03
     7.33600     0.11355890E-03
     7.34800     0.10904111E-03
     7.36000     0.10455864E-03
     7.37200     0.10010989E-03
     7.38400     0.95693286E-04
     7.39600     0.91307304E-04
     7.40800     0.86950436E-04
     7.42000     0.82621206E-04
     7.43200     0.78318164E-04
     7.44400     0.74039886E-04
     7.45600     0.69784969E-04
     7.46800     0.65552035E-04
     7.48000     0.61339723E-04
     7.49200     0.57146694E-04
     7.50400     0.52971626E-04
     7.51600     0.48813212E-04
     7.52800     0.44670162E-04
     7.54000     0.40541200E-04
     7.55200     0.36425061E-04
     7.56400     0.32320494E-04
     7.57600     0.28226257E-04
     7.58800     0.24141119E-04
     7.60000     0.20063857E-04
     7.61200     0.15993255E-04
     7.62400     0.11928103E-04
     7.63600     0.78671986E-05
     7.64800     0.38093422E-05
     7.66000    -0.24666178E-06
     7.67200    -0.43020064E-05
     7.68400    -0.83578830E-05
     7.69600    -0.12415482E-04
     7.70800    -0.16475995E-04
     7.72000    -0.20540614E-04
     7.73200    -0.24610532E-04
     7.74400    -0.28686948E-04
     7.75600    -0.32771062E-04
     7.76800    -0.36864081E-04
     7.78000    -0.40967215E-04
     7.79200    -0.45081686E-04
     7.80400    -0.49208718E-04
     7.81600    -0.53349546E-04
     7.82800    -0.57505417E-04
     7.84000    -0.61677585E-04
     7.85200    -0.65867317E-04
     7.86400    -0.70075894E-04
     7.87600    -0.74304609E-04
     7.88800    -0.78554770E-04
     7.90000    -0.82827702E-04
     7.91200    -0.87124746E-04
     7.92400    -0.91447260E-04
     7.93600    -0.95796624E-04
     7.94800    -0.10017424E-03
     7.96000    -0.10458152E-03
     7.97200    -0.10901991E-03
     7.98400    -0.11349088E-03
     7.99600    -0.11799592E-03
     8.00800    -0.12253655E-03
     8.02000    -0.12711432E-03
     8.03200    -0.13173081E-03
     8.04400    -0.13638762E-03
     8.05600    -0.14108639E-03
     8.06800    -0.14582880E-03
     8.08000    -0.15061656E-03
     8.09200    -0.15545142E-03
     8.10400    -0.16033516E-03
     8.11600    -0.16526961E-03
     8.12800    -0.17025664E-03
     8.14000    -0.17529818E-03
     8.15200    -0.18039618E-03
     8.16400    -0.18555265E-03
     8.17600    -0.19076966E-03
     8.18800    -0.19604933E-03
     8.20000    -0.20139383E-03
     8.21200    -0.20680538E-03
     8.22400    -0.21228629E-03
     8.23600    -0.21783892E-03
     8.24800    -0.22346567E-03
     8.26000    -0.22916905E-03
     8.27200    -0.23495163E-03
     8.28400    -0.24081604E-03
     8.29600    -0.24676501E-03
     8.30800    -0.25280134E-03
     8.32000    -0.25892792E-03
     8.33200    -0.26514775E-03
     8.34400    -0.27146388E-03
     8.35600    -0.27787951E-03
     8.36800    -0.28439791E-03
     8.38000    -0.29102247E-03
     8.39200    -0.29775670E-03
     8.40400    -0.30460422E-03
     8.41600    -0.31156876E-03
     8.42800    -0.31865422E-03
     8.44000    -0.32586461E-03
     8.45200    -0.33320407E-03
     8.46400    -0.34067692E-03
     8.47600    -0.34828762E-03
     8.48800    -0.35604080E-03
     8.50000    -0.36394126E-03
     8.51200    -0.37199398E-03
     8.52400    -0.38020414E-03
     8.53600    -0.38857711E-03
     8.54800    -0.39711847E-03
     8.56000    -0.40583403E-03
     8.57200    -0.41472982E-03
     8.58400    -0.42381213E-03
     8.59600    -0.43308748E-03
     8.60800    -0.44256270E-03
     8.62000    -0.45224486E-03
     8.63200    -0.46214137E-03
     8.64400    -0.47225994E-03
     8.65600    -0.48260860E-03
     8.66800    -0.49319575E-03
     8.68000    -0.50403017E-03
     8.69200    -0.51512101E-03
     8.70400    -0.52647785E-03
     8.71600    -0.53811070E-03
     8.72800    -0.55003005E-03
     8.74000    -0.56224687E-03
     8.75200    -0.57477266E-03
     8.76400    -0.58761947E-03
     8.77600    -0.60079993E-03
     8.78800    -0.61432731E-03
     8.80000    -0.62821553E-03
     8.81200    -0.64247922E-03
     8.82400    -0.65713376E-03
     8.83600    -0.67219533E-03
     8.84800    -0.68768096E-03
     8.86000    -0.70360859E-03
     8.87200    -0.71999712E-03
     8.88400    -0.73686651E-03
     8.89600    -0.75423780E-03
     8.90800    -0.77213324E-03
     8.92000    -0.79057633E-03
     8.93200    -0.80959197E-03
     8.94400    -0.82920649E-03
     8.95600    -0.84944781E-03
     8.96800    -0.87034554E-03
     8.98000    -0.89193114E-03
     8.99200    -0.91423800E-03
     9.00400    -0.93730169E-03
