 Symm           1
  0.000028  0.000028     1   1    
 -0.000002 -0.000002     1   1    
  0.000000 -0.000000     1   1   *
 -0.000009 -0.000009     1   2    
 -0.000001 -0.000001     1   2    
 -0.000000  0.000000     1   2   *
  0.000001  0.000001     1   3    
 -0.000002 -0.000002     1   3    
 -0.000000  0.000000     1   3   *
 -0.000002 -0.000002     1   4    
 -0.000000 -0.000000     1   4    
  0.000000 -0.000000     1   4   *
  0.000001  0.000001     1   5    
  0.000002  0.000002     1   5    
  0.000000 -0.000000     1   5   *
 -0.000012 -0.000012     1   6    
  0.000002  0.000002     1   6    
 -0.000000  0.000000     1   6   *
 -0.000004 -0.000004     1   7    
 -0.000001 -0.000001     1   7    
 -0.000000  0.000000     1   7   *
  0.000000  0.000000     1   8    
  0.000000  0.000000     1   8    
 -0.000000  0.000000     1   8   *
 -0.000011 -0.000011     1   9    
  0.000003  0.000003     1   9    
 -0.000000  0.000000     1   9   *
  0.000000  0.000000     1  10    
  0.000000  0.000000     1  10    
  0.000000 -0.000000     1  10   *
  0.000000  0.000000     1  11    
  0.000000  0.000000     1  11    
 -0.000000  0.000000     1  11   *
 -0.000004 -0.000004     1  12    
  0.000003  0.000003     1  12    
  0.000000 -0.000000     1  12   *
 -0.000000 -0.000000     1  13    
 -0.000000 -0.000000     1  13    
 -0.000000  0.000000     1  13   *
 -0.000000 -0.000000     1  14    
  0.000000  0.000000     1  14    
  0.000000  0.000000     1  14    
 -0.000000 -0.000000     1  15    
  0.000000  0.000000     1  15    
 -0.000000 -0.000000     1  15    
 -0.000002 -0.000002     1   1    
  0.000034  0.000034     1   1    
 -0.000000  0.000000     1   1   *
 -0.000003 -0.000003     1   2    
 -0.000008 -0.000008     1   2    
 -0.000000  0.000000     1   2   *
 -0.000002 -0.000002     1   3    
 -0.000002 -0.000002     1   3    
 -0.000000  0.000000     1   3   *
 -0.000000 -0.000000     1   4    
  0.000000  0.000000     1   4    
  0.000000 -0.000000     1   4   *
  0.000002  0.000002     1   5    
 -0.000001 -0.000001     1   5    
  0.000000 -0.000000     1   5   *
  0.000004  0.000004     1   6    
 -0.000008 -0.000008     1   6    
 -0.000000  0.000000     1   6   *
  0.000000  0.000000     1   7    
  0.000001  0.000001     1   7    
 -0.000000  0.000000     1   7   *
  0.000000  0.000000     1   8    
 -0.000000 -0.000000     1   8    
  0.000000 -0.000000     1   8   *
  0.000004  0.000004     1   9    
 -0.000067 -0.000067     1   9    
  0.000000 -0.000000     1   9   *
  0.000000  0.000000     1  10    
 -0.000001 -0.000001     1  10    
  0.000000 -0.000000     1  10   *
 -0.000000 -0.000000     1  11    
 -0.000000 -0.000000     1  11    
  0.000000 -0.000000     1  11   *
 -0.000003 -0.000003     1  12    
  0.000002  0.000002     1  12    
 -0.000000  0.000000     1  12   *
  0.000000  0.000000     1  13    
  0.000000  0.000000     1  13    
  0.000000 -0.000000     1  13   *
  0.000000  0.000000     1  14    
 -0.000000 -0.000000     1  14    
  0.000000  0.000000     1  14    
  0.000000  0.000000     1  15    
 -0.000000 -0.000000     1  15    
 -0.000000 -0.000000     1  15    
  0.000000 -0.000000     1   1   *
 -0.000000  0.000000     1   1   *
  0.000002  0.000002     1   1    
 -0.000000  0.000000     1   2   *
 -0.000000  0.000000     1   2   *
 -0.000003 -0.000003     1   2    
 -0.000000  0.000000     1   3   *
  0.000000 -0.000000     1   3   *
  0.000000  0.000000     1   3    
 -0.000000  0.000000     1   4   *
 -0.000000  0.000000     1   4   *
 -0.000000 -0.000000     1   4    
 -0.000000  0.000000     1   5   *
  0.000000 -0.000000     1   5   *
  0.000000  0.000000     1   5    
 -0.000000  0.000000     1   6   *
  0.000000 -0.000000     1   6   *
 -0.000002 -0.000002     1   6    
 -0.000000  0.000000     1   7   *
 -0.000000  0.000000     1   7   *
  0.000001  0.000001     1   7    
  0.000000 -0.000000     1   8   *
 -0.000000  0.000000     1   8   *
 -0.000000 -0.000000     1   8    
 -0.000000  0.000000     1   9   *
 -0.000000  0.000000     1   9   *
 -0.000001 -0.000001     1   9    
  0.000000 -0.000000     1  10   *
 -0.000000  0.000000     1  10   *
  0.000001  0.000001     1  10    
  0.000000 -0.000000     1  11   *
  0.000000 -0.000000     1  11   *
  0.000000  0.000000     1  11    
  0.000000 -0.000000     1  12   *
  0.000000 -0.000000     1  12   *
  0.000000  0.000000     1  12    
 -0.000000  0.000000     1  13   *
 -0.000000  0.000000     1  13   *
 -0.000000 -0.000000     1  13    
 -0.000000 -0.000000     1  14    
  0.000000  0.000000     1  14    
 -0.000000 -0.000000     1  14    
  0.000000  0.000000     1  15    
 -0.000000 -0.000000     1  15    
 -0.000000 -0.000000     1  15    
 -0.000009 -0.000009     2   1    
 -0.000003 -0.000003     2   1    
 -0.000000  0.000000     2   1   *
  0.000043  0.000043     2   2    
 -0.000008 -0.000008     2   2    
 -0.000000  0.000000     2   2   *
 -0.000007 -0.000007     2   3    
  0.000000  0.000000     2   3    
  0.000000 -0.000000     2   3   *
  0.000002  0.000002     2   4    
  0.000001  0.000001     2   4    
 -0.000000  0.000000     2   4   *
 -0.000000 -0.000000     2   5    
 -0.000001 -0.000001     2   5    
 -0.000000  0.000000     2   5   *
 -0.000003 -0.000003     2   6    
  0.000000  0.000000     2   6    
  0.000000 -0.000000     2   6   *
 -0.000023 -0.000023     2   7    
  0.000009  0.000009     2   7    
  0.000000 -0.000000     2   7   *
 -0.000000 -0.000000     2   8    
  0.000000  0.000000     2   8    
  0.000000 -0.000000     2   8   *
  0.000002  0.000002     2   9    
  0.000000  0.000000     2   9    
  0.000000 -0.000000     2   9   *
  0.000002  0.000002     2  10    
 -0.000006 -0.000006     2  10    
 -0.000000  0.000000     2  10   *
 -0.000000 -0.000000     2  11    
 -0.000000 -0.000000     2  11    
  0.000000 -0.000000     2  11   *
  0.000000  0.000000     2  12    
  0.000000  0.000000     2  12    
 -0.000000  0.000000     2  12   *
  0.000000  0.000000     2  13    
  0.000000  0.000000     2  13    
  0.000000 -0.000000     2  13   *
  0.000000  0.000000     2  14    
 -0.000000 -0.000000     2  14    
 -0.000000 -0.000000     2  14    
  0.000000  0.000000     2  15    
 -0.000000 -0.000000     2  15    
  0.000000  0.000000     2  15    
 -0.000001 -0.000001     2   1    
 -0.000008 -0.000008     2   1    
 -0.000000  0.000000     2   1   *
 -0.000008 -0.000008     2   2    
  0.000032  0.000032     2   2    
  0.000000 -0.000000     2   2   *
 -0.000001 -0.000001     2   3    
 -0.000011 -0.000011     2   3    
  0.000000 -0.000000     2   3   *
  0.000004  0.000004     2   4    
 -0.000001 -0.000001     2   4    
 -0.000000  0.000000     2   4   *
 -0.000001 -0.000001     2   5    
 -0.000001 -0.000001     2   5    
 -0.000000  0.000000     2   5   *
 -0.000001 -0.000001     2   6    
  0.000002  0.000002     2   6    
  0.000000 -0.000000     2   6   *
  0.000010  0.000010     2   7    
 -0.000009 -0.000009     2   7    
  0.000000 -0.000000     2   7   *
 -0.000001 -0.000001     2   8    
  0.000001  0.000001     2   8    
  0.000000 -0.000000     2   8   *
 -0.000006 -0.000006     2   9    
 -0.000002 -0.000002     2   9    
  0.000000 -0.000000     2   9   *
 -0.000000 -0.000000     2  10    
 -0.000002 -0.000002     2  10    
 -0.000000  0.000000     2  10   *
 -0.000000 -0.000000     2  11    
 -0.000000 -0.000000     2  11    
  0.000000 -0.000000     2  11   *
  0.000001  0.000001     2  12    
 -0.000000 -0.000000     2  12    
 -0.000000  0.000000     2  12   *
 -0.000000 -0.000000     2  13    
  0.000000  0.000000     2  13    
  0.000000 -0.000000     2  13   *
  0.000000  0.000000     2  14    
 -0.000000 -0.000000     2  14    
 -0.000000 -0.000000     2  14    
  0.000000  0.000000     2  15    
 -0.000000 -0.000000     2  15    
  0.000000  0.000000     2  15    
 -0.000000  0.000000     2   1   *
 -0.000000  0.000000     2   1   *
 -0.000003 -0.000003     2   1    
 -0.000000  0.000000     2   2   *
  0.000000 -0.000000     2   2   *
  0.000010  0.000010     2   2    
  0.000000 -0.000000     2   3   *
 -0.000000  0.000000     2   3   *
 -0.000002 -0.000002     2   3    
  0.000000 -0.000000     2   4   *
 -0.000000  0.000000     2   4   *
 -0.000001 -0.000001     2   4    
  0.000000 -0.000000     2   5   *
  0.000000 -0.000000     2   5   *
  0.000000  0.000000     2   5    
  0.000000 -0.000000     2   6   *
  0.000000 -0.000000     2   6   *
 -0.000000 -0.000000     2   6    
  0.000000 -0.000000     2   7   *
  0.000000 -0.000000     2   7   *
 -0.000003 -0.000003     2   7    
  0.000000 -0.000000     2   8   *
  0.000000 -0.000000     2   8   *
  0.000000  0.000000     2   8    
  0.000000 -0.000000     2   9   *
  0.000000 -0.000000     2   9   *
 -0.000000 -0.000000     2   9    
 -0.000000  0.000000     2  10   *
  0.000000 -0.000000     2  10   *
 -0.000000 -0.000000     2  10    
 -0.000000  0.000000     2  11   *
 -0.000000  0.000000     2  11   *
 -0.000000 -0.000000     2  11    
 -0.000000  0.000000     2  12   *
 -0.000000  0.000000     2  12   *
  0.000001  0.000001     2  12    
  0.000000 -0.000000     2  13   *
 -0.000000  0.000000     2  13   *
 -0.000000 -0.000000     2  13    
  0.000000  0.000000     2  14    
 -0.000000 -0.000000     2  14    
 -0.000000 -0.000000     2  14    
 -0.000000 -0.000000     2  15    
  0.000000  0.000000     2  15    
 -0.000000 -0.000000     2  15    
  0.000001  0.000001     3   1    
 -0.000002 -0.000002     3   1    
 -0.000000  0.000000     3   1   *
 -0.000007 -0.000007     3   2    
 -0.000001 -0.000001     3   2    
  0.000000 -0.000000     3   2   *
  0.000031  0.000031     3   3    
  0.000003  0.000003     3   3    
  0.000000 -0.000000     3   3   *
 -0.000010 -0.000010     3   4    
  0.000001  0.000001     3   4    
  0.000000 -0.000000     3   4   *
 -0.000002 -0.000002     3   5    
  0.000000  0.000000     3   5    
  0.000000 -0.000000     3   5   *
 -0.000000 -0.000000     3   6    
  0.000000  0.000000     3   6    
 -0.000000  0.000000     3   6   *
 -0.000000 -0.000000     3   7    
  0.000003  0.000003     3   7    
 -0.000000  0.000000     3   7   *
  0.000000  0.000000     3   8    
  0.000002  0.000002     3   8    
 -0.000000  0.000000     3   8   *
 -0.000001 -0.000001     3   9    
 -0.000000 -0.000000     3   9    
 -0.000000  0.000000     3   9   *
 -0.000050 -0.000050     3  10    
 -0.000024 -0.000024     3  10    
  0.000000 -0.000000     3  10   *
 -0.000000 -0.000000     3  11    
 -0.000000 -0.000000     3  11    
 -0.000000  0.000000     3  11   *
  0.000000  0.000000     3  12    
 -0.000000 -0.000000     3  12    
  0.000000 -0.000000     3  12   *
 -0.000000 -0.000000     3  13    
  0.000000  0.000000     3  13    
 -0.000000  0.000000     3  13   *
  0.000000  0.000000     3  14    
  0.000000  0.000000     3  14    
 -0.000000 -0.000000     3  14    
  0.000000  0.000000     3  15    
  0.000000  0.000000     3  15    
  0.000000  0.000000     3  15    
 -0.000002 -0.000002     3   1    
 -0.000002 -0.000002     3   1    
  0.000000 -0.000000     3   1   *
  0.000000  0.000000     3   2    
 -0.000011 -0.000011     3   2    
 -0.000000  0.000000     3   2   *
  0.000003  0.000003     3   3    
  0.000030  0.000030     3   3    
 -0.000000  0.000000     3   3   *
 -0.000000 -0.000000     3   4    
 -0.000006 -0.000006     3   4    
  0.000000 -0.000000     3   4   *
 -0.000000 -0.000000     3   5    
  0.000001  0.000001     3   5    
  0.000000 -0.000000     3   5   *
  0.000001  0.000001     3   6    
 -0.000001 -0.000001     3   6    
 -0.000000  0.000000     3   6   *
  0.000002  0.000002     3   7    
 -0.000002 -0.000002     3   7    
  0.000000 -0.000000     3   7   *
  0.000003  0.000003     3   8    
 -0.000003 -0.000003     3   8    
 -0.000000  0.000000     3   8   *
 -0.000000 -0.000000     3   9    
  0.000000  0.000000     3   9    
 -0.000000  0.000000     3   9   *
 -0.000025 -0.000025     3  10    
 -0.000027 -0.000027     3  10    
  0.000000 -0.000000     3  10   *
 -0.000000 -0.000000     3  11    
 -0.000000 -0.000000     3  11    
  0.000000 -0.000000     3  11   *
 -0.000000 -0.000000     3  12    
  0.000000  0.000000     3  12    
  0.000000 -0.000000     3  12   *
 -0.000000 -0.000000     3  13    
  0.000000  0.000000     3  13    
 -0.000000  0.000000     3  13   *
 -0.000000 -0.000000     3  14    
 -0.000000 -0.000000     3  14    
  0.000000  0.000000     3  14    
 -0.000000 -0.000000     3  15    
 -0.000000 -0.000000     3  15    
 -0.000000 -0.000000     3  15    
 -0.000000  0.000000     3   1   *
 -0.000000  0.000000     3   1   *
  0.000000  0.000000     3   1    
  0.000000 -0.000000     3   2   *
  0.000000 -0.000000     3   2   *
 -0.000002 -0.000002     3   2    
  0.000000 -0.000000     3   3   *
 -0.000000  0.000000     3   3   *
  0.000002  0.000002     3   3    
  0.000000 -0.000000     3   4   *
 -0.000000  0.000000     3   4   *
 -0.000002 -0.000002     3   4    
  0.000000 -0.000000     3   5   *
 -0.000000  0.000000     3   5   *
  0.000000  0.000000     3   5    
 -0.000000  0.000000     3   6   *
  0.000000 -0.000000     3   6   *
  0.000000  0.000000     3   6    
  0.000000 -0.000000     3   7   *
 -0.000000  0.000000     3   7   *
  0.000001  0.000001     3   7    
 -0.000000  0.000000     3   8   *
 -0.000000  0.000000     3   8   *
  0.000001  0.000001     3   8    
  0.000000 -0.000000     3   9   *
  0.000000 -0.000000     3   9   *
  0.000000  0.000000     3   9    
  0.000000 -0.000000     3  10   *
  0.000000 -0.000000     3  10   *
 -0.000002 -0.000002     3  10    
  0.000000 -0.000000     3  11   *
  0.000000 -0.000000     3  11   *
  0.000000  0.000000     3  11    
  0.000000 -0.000000     3  12   *
 -0.000000  0.000000     3  12   *
 -0.000000 -0.000000     3  12    
  0.000000 -0.000000     3  13   *
  0.000000 -0.000000     3  13   *
  0.000000  0.000000     3  13    
 -0.000000 -0.000000     3  14    
 -0.000000 -0.000000     3  14    
 -0.000000 -0.000000     3  14    
  0.000000  0.000000     3  15    
  0.000000  0.000000     3  15    
 -0.000000 -0.000000     3  15    
 -0.000002 -0.000002     4   1    
 -0.000000 -0.000000     4   1    
 -0.000000  0.000000     4   1   *
  0.000002  0.000002     4   2    
  0.000004  0.000004     4   2    
  0.000000 -0.000000     4   2   *
 -0.000010 -0.000010     4   3    
 -0.000000 -0.000000     4   3    
  0.000000 -0.000000     4   3   *
  0.000026  0.000026     4   4    
  0.000002  0.000002     4   4    
 -0.000000  0.000000     4   4   *
 -0.000009 -0.000009     4   5    
 -0.000001 -0.000001     4   5    
 -0.000000  0.000000     4   5   *
  0.000002  0.000002     4   6    
 -0.000002 -0.000002     4   6    
  0.000000 -0.000000     4   6   *
  0.000000  0.000000     4   7    
 -0.000001 -0.000001     4   7    
  0.000000 -0.000000     4   7   *
 -0.000004 -0.000004     4   8    
 -0.000001 -0.000001     4   8    
  0.000000 -0.000000     4   8   *
 -0.000000 -0.000000     4   9    
 -0.000000 -0.000000     4   9    
  0.000000 -0.000000     4   9   *
 -0.000004 -0.000004     4  10    
  0.000002  0.000002     4  10    
 -0.000000  0.000000     4  10   *
 -0.000001 -0.000001     4  11    
 -0.000001 -0.000001     4  11    
  0.000000 -0.000000     4  11   *
 -0.000000 -0.000000     4  12    
  0.000001  0.000001     4  12    
 -0.000000  0.000000     4  12   *
 -0.000000 -0.000000     4  13    
  0.000000  0.000000     4  13    
  0.000000 -0.000000     4  13   *
 -0.000000 -0.000000     4  14    
 -0.000000 -0.000000     4  14    
  0.000000  0.000000     4  14   *
 -0.000000 -0.000000     4  15    
 -0.000000 -0.000000     4  15    
 -0.000000 -0.000000     4  15   *
 -0.000000 -0.000000     4   1    
  0.000000  0.000000     4   1    
 -0.000000  0.000000     4   1   *
  0.000001  0.000001     4   2    
 -0.000001 -0.000001     4   2    
 -0.000000  0.000000     4   2   *
  0.000001  0.000001     4   3    
 -0.000006 -0.000006     4   3    
 -0.000000  0.000000     4   3   *
  0.000002  0.000002     4   4    
  0.000045  0.000045     4   4    
 -0.000000  0.000000     4   4   *
 -0.000002 -0.000002     4   5    
 -0.000005 -0.000005     4   5    
  0.000000 -0.000000     4   5   *
 -0.000001 -0.000001     4   6    
 -0.000002 -0.000002     4   6    
 -0.000000  0.000000     4   6   *
 -0.000000 -0.000000     4   7    
  0.000000  0.000000     4   7    
 -0.000000  0.000000     4   7   *
 -0.000001 -0.000001     4   8    
 -0.000028 -0.000028     4   8    
 -0.000000  0.000000     4   8   *
  0.000000  0.000000     4   9    
 -0.000000 -0.000000     4   9    
  0.000000 -0.000000     4   9   *
 -0.000003 -0.000003     4  10    
  0.000003  0.000003     4  10    
  0.000000 -0.000000     4  10   *
  0.000000  0.000000     4  11    
  0.000001  0.000001     4  11    
  0.000000 -0.000000     4  11   *
  0.000000  0.000000     4  12    
 -0.000001 -0.000001     4  12    
 -0.000000  0.000000     4  12   *
  0.000001  0.000001     4  13    
 -0.000001 -0.000001     4  13    
 -0.000000  0.000000     4  13   *
  0.000001  0.000001     4  14    
 -0.000000 -0.000000     4  14    
 -0.000000 -0.000000     4  14    
  0.000001  0.000001     4  15    
 -0.000000 -0.000000     4  15    
  0.000000  0.000000     4  15    
  0.000000 -0.000000     4   1   *
  0.000000 -0.000000     4   1   *
 -0.000000 -0.000000     4   1    
 -0.000000  0.000000     4   2   *
 -0.000000  0.000000     4   2   *
 -0.000001 -0.000001     4   2    
  0.000000 -0.000000     4   3   *
  0.000000 -0.000000     4   3   *
 -0.000002 -0.000002     4   3    
 -0.000000  0.000000     4   4   *
 -0.000000  0.000000     4   4   *
  0.000009  0.000009     4   4    
 -0.000000  0.000000     4   5   *
 -0.000000  0.000000     4   5   *
 -0.000004 -0.000004     4   5    
  0.000000 -0.000000     4   6   *
 -0.000000  0.000000     4   6   *
  0.000000  0.000000     4   6    
  0.000000 -0.000000     4   7   *
  0.000000 -0.000000     4   7   *
  0.000000  0.000000     4   7    
  0.000000 -0.000000     4   8   *
  0.000000 -0.000000     4   8   *
 -0.000003 -0.000003     4   8    
  0.000000 -0.000000     4   9   *
  0.000000 -0.000000     4   9   *
 -0.000000 -0.000000     4   9    
 -0.000000  0.000000     4  10   *
  0.000000 -0.000000     4  10   *
  0.000000  0.000000     4  10    
 -0.000000  0.000000     4  11   *
  0.000000 -0.000000     4  11   *
  0.000000  0.000000     4  11    
 -0.000000  0.000000     4  12   *
 -0.000000  0.000000     4  12   *
  0.000002  0.000002     4  12    
  0.000000 -0.000000     4  13   *
 -0.000000  0.000000     4  13   *
  0.000000  0.000000     4  13    
  0.000000  0.000000     4  14    
  0.000000  0.000000     4  14    
  0.000000  0.000000     4  14    
 -0.000000 -0.000000     4  15    
 -0.000000 -0.000000     4  15    
  0.000000  0.000000     4  15    
  0.000001  0.000001     5   1    
  0.000002  0.000002     5   1    
 -0.000000  0.000000     5   1   *
 -0.000000 -0.000000     5   2    
 -0.000001 -0.000001     5   2    
  0.000000 -0.000000     5   2   *
 -0.000002 -0.000002     5   3    
 -0.000000 -0.000000     5   3    
  0.000000 -0.000000     5   3   *
 -0.000009 -0.000009     5   4    
 -0.000002 -0.000002     5   4    
 -0.000000  0.000000     5   4   *
  0.000027  0.000027     5   5    
 -0.000003 -0.000003     5   5    
  0.000000 -0.000000     5   5   *
 -0.000006 -0.000006     5   6    
  0.000002  0.000002     5   6    
  0.000000 -0.000000     5   6   *
 -0.000000 -0.000000     5   7    
  0.000000  0.000000     5   7    
  0.000000 -0.000000     5   7   *
  0.000000  0.000000     5   8    
 -0.000001 -0.000001     5   8    
  0.000000 -0.000000     5   8   *
 -0.000001 -0.000001     5   9    
  0.000000  0.000000     5   9    
  0.000000 -0.000000     5   9   *
 -0.000000 -0.000000     5  10    
  0.000001  0.000001     5  10    
 -0.000000  0.000000     5  10   *
 -0.000009 -0.000009     5  11    
  0.000003  0.000003     5  11    
  0.000000 -0.000000     5  11   *
  0.000001  0.000001     5  12    
 -0.000004 -0.000004     5  12    
 -0.000000  0.000000     5  12   *
 -0.000003 -0.000003     5  13    
  0.000002  0.000002     5  13    
  0.000000 -0.000000     5  13   *
 -0.000001 -0.000001     5  14    
  0.000001  0.000001     5  14   *
  0.000000  0.000000     5  14    
 -0.000001 -0.000001     5  15    
  0.000001  0.000001     5  15   *
 -0.000000 -0.000000     5  15    
  0.000002  0.000002     5   1    
 -0.000001 -0.000001     5   1    
  0.000000 -0.000000     5   1   *
 -0.000001 -0.000001     5   2    
 -0.000001 -0.000001     5   2    
  0.000000 -0.000000     5   2   *
  0.000000  0.000000     5   3    
  0.000001  0.000001     5   3    
 -0.000000  0.000000     5   3   *
 -0.000001 -0.000001     5   4    
 -0.000005 -0.000005     5   4    
 -0.000000  0.000000     5   4   *
 -0.000003 -0.000003     5   5    
  0.000038  0.000038     5   5    
 -0.000000  0.000000     5   5   *
  0.000001  0.000001     5   6    
 -0.000022 -0.000022     5   6    
 -0.000000  0.000000     5   6   *
  0.000000  0.000000     5   7    
  0.000000  0.000000     5   7    
 -0.000000  0.000000     5   7   *
 -0.000002 -0.000002     5   8    
 -0.000003 -0.000003     5   8    
 -0.000000  0.000000     5   8   *
  0.000000  0.000000     5   9    
  0.000001  0.000001     5   9    
 -0.000000  0.000000     5   9   *
  0.000001  0.000001     5  10    
 -0.000000 -0.000000     5  10    
  0.000000 -0.000000     5  10   *
  0.000003  0.000003     5  11    
 -0.000006 -0.000006     5  11    
  0.000000 -0.000000     5  11   *
  0.000000  0.000000     5  12    
 -0.000002 -0.000002     5  12    
  0.000000 -0.000000     5  12   *
 -0.000003 -0.000003     5  13    
  0.000002  0.000002     5  13    
 -0.000000  0.000000     5  13   *
  0.000003  0.000003     5  14    
 -0.000002 -0.000002     5  14    
  0.000000  0.000000     5  14    
  0.000003  0.000003     5  15    
 -0.000002 -0.000002     5  15    
 -0.000000 -0.000000     5  15    
  0.000000 -0.000000     5   1   *
  0.000000 -0.000000     5   1   *
  0.000000  0.000000     5   1    
 -0.000000  0.000000     5   2   *
 -0.000000  0.000000     5   2   *
  0.000000  0.000000     5   2    
  0.000000 -0.000000     5   3   *
  0.000000 -0.000000     5   3   *
  0.000000  0.000000     5   3    
 -0.000000  0.000000     5   4   *
  0.000000 -0.000000     5   4   *
 -0.000004 -0.000004     5   4    
  0.000000 -0.000000     5   5   *
 -0.000000  0.000000     5   5   *
  0.000006  0.000006     5   5    
  0.000000 -0.000000     5   6   *
 -0.000000  0.000000     5   6   *
 -0.000003 -0.000003     5   6    
 -0.000000  0.000000     5   7   *
  0.000000 -0.000000     5   7   *
 -0.000000 -0.000000     5   7    
 -0.000000  0.000000     5   8   *
 -0.000000  0.000000     5   8   *
  0.000001  0.000001     5   8    
 -0.000000  0.000000     5   9   *
 -0.000000  0.000000     5   9   *
  0.000000  0.000000     5   9    
  0.000000 -0.000000     5  10   *
 -0.000000  0.000000     5  10   *
  0.000001  0.000001     5  10    
  0.000000 -0.000000     5  11   *
  0.000000 -0.000000     5  11   *
 -0.000003 -0.000003     5  11    
  0.000000 -0.000000     5  12   *
  0.000000 -0.000000     5  12   *
  0.000002  0.000002     5  12    
 -0.000000  0.000000     5  13   *
 -0.000000  0.000000     5  13   *
 -0.000000 -0.000000     5  13    
  0.000004  0.000004     5  14    
 -0.000002 -0.000002     5  14    
  0.000001  0.000001     5  14    
 -0.000004 -0.000004     5  15    
  0.000002  0.000002     5  15    
  0.000001  0.000001     5  15    
 -0.000012 -0.000012     6   1    
  0.000004  0.000004     6   1    
 -0.000000  0.000000     6   1   *
 -0.000003 -0.000003     6   2    
 -0.000001 -0.000001     6   2    
  0.000000 -0.000000     6   2   *
 -0.000000 -0.000000     6   3    
  0.000001  0.000001     6   3    
 -0.000000  0.000000     6   3   *
  0.000002  0.000002     6   4    
 -0.000001 -0.000001     6   4    
  0.000000 -0.000000     6   4   *
 -0.000006 -0.000006     6   5    
  0.000001  0.000001     6   5    
  0.000000 -0.000000     6   5   *
  0.000031  0.000031     6   6    
  0.000002  0.000002     6   6    
  0.000000 -0.000000     6   6   *
  0.000000  0.000000     6   7    
  0.000000  0.000000     6   7    
  0.000000 -0.000000     6   7   *
 -0.000001 -0.000001     6   8    
 -0.000000 -0.000000     6   8    
 -0.000000  0.000000     6   8   *
  0.000001  0.000001     6   9    
  0.000000  0.000000     6   9    
 -0.000000  0.000000     6   9   *
 -0.000000 -0.000000     6  10    
  0.000000  0.000000     6  10    
  0.000000 -0.000000     6  10   *
 -0.000000 -0.000000     6  11    
  0.000001  0.000001     6  11    
  0.000000 -0.000000     6  11   *
 -0.000036 -0.000036     6  12    
 -0.000023 -0.000023     6  12    
  0.000000 -0.000000     6  12   *
  0.000000  0.000000     6  13    
  0.000000  0.000000     6  13    
 -0.000000  0.000000     6  13   *
 -0.000000 -0.000000     6  14    
  0.000000  0.000000     6  14    
 -0.000000 -0.000000     6  14    
 -0.000000 -0.000000     6  15    
  0.000000  0.000000     6  15    
  0.000000  0.000000     6  15    
  0.000002  0.000002     6   1    
 -0.000008 -0.000008     6   1    
  0.000000 -0.000000     6   1   *
  0.000000  0.000000     6   2    
  0.000002  0.000002     6   2    
  0.000000 -0.000000     6   2   *
  0.000000  0.000000     6   3    
 -0.000001 -0.000001     6   3    
  0.000000 -0.000000     6   3   *
 -0.000002 -0.000002     6   4    
 -0.000002 -0.000002     6   4    
 -0.000000  0.000000     6   4   *
  0.000002  0.000002     6   5    
 -0.000022 -0.000022     6   5    
 -0.000000  0.000000     6   5   *
  0.000002  0.000002     6   6    
  0.000040  0.000040     6   6    
 -0.000000  0.000000     6   6   *
 -0.000000 -0.000000     6   7    
 -0.000000 -0.000000     6   7    
 -0.000000  0.000000     6   7   *
  0.000000  0.000000     6   8    
  0.000000  0.000000     6   8    
 -0.000000  0.000000     6   8   *
  0.000005  0.000005     6   9    
 -0.000001 -0.000001     6   9    
 -0.000000  0.000000     6   9   *
  0.000000  0.000000     6  10    
 -0.000000 -0.000000     6  10    
  0.000000 -0.000000     6  10   *
  0.000000  0.000000     6  11    
 -0.000001 -0.000001     6  11    
 -0.000000  0.000000     6  11   *
 -0.000022 -0.000022     6  12    
 -0.000027 -0.000027     6  12    
  0.000000 -0.000000     6  12   *
 -0.000000 -0.000000     6  13    
  0.000000  0.000000     6  13    
 -0.000000  0.000000     6  13   *
 -0.000000 -0.000000     6  14    
  0.000000  0.000000     6  14    
  0.000000  0.000000     6  14    
 -0.000000 -0.000000     6  15    
  0.000000  0.000000     6  15    
 -0.000000 -0.000000     6  15    
 -0.000000  0.000000     6   1   *
 -0.000000  0.000000     6   1   *
 -0.000002 -0.000002     6   1    
  0.000000 -0.000000     6   2   *
  0.000000 -0.000000     6   2   *
 -0.000000 -0.000000     6   2    
 -0.000000  0.000000     6   3   *
 -0.000000  0.000000     6   3   *
  0.000000  0.000000     6   3    
  0.000000 -0.000000     6   4   *
 -0.000000  0.000000     6   4   *
  0.000000  0.000000     6   4    
  0.000000 -0.000000     6   5   *
 -0.000000  0.000000     6   5   *
 -0.000003 -0.000003     6   5    
  0.000000 -0.000000     6   6   *
 -0.000000  0.000000     6   6   *
  0.000006  0.000006     6   6    
  0.000000 -0.000000     6   7   *
 -0.000000  0.000000     6   7   *
  0.000000  0.000000     6   7    
  0.000000 -0.000000     6   8   *
  0.000000 -0.000000     6   8   *
  0.000000  0.000000     6   8    
  0.000000 -0.000000     6   9   *
  0.000000 -0.000000     6   9   *
 -0.000001 -0.000001     6   9    
 -0.000000  0.000000     6  10   *
  0.000000 -0.000000     6  10   *
 -0.000000 -0.000000     6  10    
 -0.000000  0.000000     6  11   *
 -0.000000  0.000000     6  11   *
 -0.000000 -0.000000     6  11    
 -0.000000  0.000000     6  12   *
 -0.000000  0.000000     6  12   *
 -0.000007 -0.000007     6  12    
  0.000000 -0.000000     6  13   *
  0.000000 -0.000000     6  13   *
  0.000000  0.000000     6  13    
  0.000000  0.000000     6  14    
 -0.000000 -0.000000     6  14    
  0.000000  0.000000     6  14    
 -0.000000 -0.000000     6  15    
  0.000000  0.000000     6  15    
  0.000000  0.000000     6  15    
 -0.000004 -0.000004     7   1    
  0.000000  0.000000     7   1    
 -0.000000  0.000000     7   1   *
 -0.000023 -0.000023     7   2    
  0.000010  0.000010     7   2    
  0.000000 -0.000000     7   2   *
 -0.000000 -0.000000     7   3    
  0.000002  0.000002     7   3    
  0.000000 -0.000000     7   3   *
  0.000000  0.000000     7   4    
 -0.000000 -0.000000     7   4    
  0.000000 -0.000000     7   4   *
 -0.000000 -0.000000     7   5    
  0.000000  0.000000     7   5    
 -0.000000  0.000000     7   5   *
  0.000000  0.000000     7   6    
 -0.000000 -0.000000     7   6    
  0.000000 -0.000000     7   6   *
  0.000023  0.000023     7   7    
 -0.000010 -0.000010     7   7    
  0.000000 -0.000000     7   7   *
 -0.000000 -0.000000     7   8    
  0.000000  0.000000     7   8    
 -0.000000  0.000000     7   8   *
  0.000000  0.000000     7   9    
  0.000000  0.000000     7   9    
  0.000000 -0.000000     7   9   *
 -0.000000 -0.000000     7  10    
  0.000000  0.000000     7  10    
 -0.000000  0.000000     7  10   *
  0.000000  0.000000     7  11    
  0.000000  0.000000     7  11    
  0.000000 -0.000000     7  11   *
 -0.000000 -0.000000     7  12    
  0.000000  0.000000     7  12    
  0.000000 -0.000000     7  12   *
 -0.000000 -0.000000     7  13    
 -0.000000 -0.000000     7  13    
  0.000000 -0.000000     7  13   *
 -0.000000 -0.000000     7  14    
  0.000000  0.000000     7  14    
  0.000000  0.000000     7  14    
 -0.000000 -0.000000     7  15    
  0.000000  0.000000     7  15    
 -0.000000 -0.000000     7  15    
 -0.000001 -0.000001     7   1    
  0.000001  0.000001     7   1    
 -0.000000  0.000000     7   1   *
  0.000009  0.000009     7   2    
 -0.000009 -0.000009     7   2    
  0.000000 -0.000000     7   2   *
  0.000003  0.000003     7   3    
 -0.000002 -0.000002     7   3    
 -0.000000  0.000000     7   3   *
 -0.000001 -0.000001     7   4    
  0.000000  0.000000     7   4    
  0.000000 -0.000000     7   4   *
  0.000000  0.000000     7   5    
  0.000000  0.000000     7   5    
  0.000000 -0.000000     7   5   *
  0.000000  0.000000     7   6    
 -0.000000 -0.000000     7   6    
 -0.000000  0.000000     7   6   *
 -0.000010 -0.000010     7   7    
  0.000009  0.000009     7   7    
 -0.000000  0.000000     7   7   *
  0.000000  0.000000     7   8    
 -0.000000 -0.000000     7   8    
 -0.000000  0.000000     7   8   *
  0.000001  0.000001     7   9    
  0.000000  0.000000     7   9    
  0.000000 -0.000000     7   9   *
  0.000000  0.000000     7  10    
  0.000001  0.000001     7  10    
  0.000000 -0.000000     7  10   *
  0.000000  0.000000     7  11    
  0.000000  0.000000     7  11    
 -0.000000  0.000000     7  11   *
 -0.000000 -0.000000     7  12    
  0.000000  0.000000     7  12    
  0.000000 -0.000000     7  12   *
  0.000000  0.000000     7  13    
  0.000000  0.000000     7  13    
 -0.000000  0.000000     7  13   *
 -0.000000 -0.000000     7  14    
 -0.000000 -0.000000     7  14    
  0.000000  0.000000     7  14    
 -0.000000 -0.000000     7  15    
 -0.000000 -0.000000     7  15    
 -0.000000 -0.000000     7  15    
 -0.000000  0.000000     7   1   *
 -0.000000  0.000000     7   1   *
  0.000001  0.000001     7   1    
  0.000000 -0.000000     7   2   *
  0.000000 -0.000000     7   2   *
 -0.000003 -0.000003     7   2    
 -0.000000  0.000000     7   3   *
  0.000000 -0.000000     7   3   *
  0.000001  0.000001     7   3    
  0.000000 -0.000000     7   4   *
 -0.000000  0.000000     7   4   *
  0.000000  0.000000     7   4    
  0.000000 -0.000000     7   5   *
 -0.000000  0.000000     7   5   *
 -0.000000 -0.000000     7   5    
  0.000000 -0.000000     7   6   *
 -0.000000  0.000000     7   6   *
  0.000000  0.000000     7   6    
  0.000000 -0.000000     7   7   *
 -0.000000  0.000000     7   7   *
  0.000001  0.000001     7   7    
 -0.000000  0.000000     7   8   *
  0.000000 -0.000000     7   8   *
 -0.000000 -0.000000     7   8    
 -0.000000  0.000000     7   9   *
  0.000000 -0.000000     7   9   *
 -0.000001 -0.000001     7   9    
  0.000000 -0.000000     7  10   *
 -0.000000  0.000000     7  10   *
 -0.000001 -0.000001     7  10    
 -0.000000  0.000000     7  11   *
  0.000000 -0.000000     7  11   *
 -0.000000 -0.000000     7  11    
  0.000000 -0.000000     7  12   *
 -0.000000  0.000000     7  12   *
 -0.000000 -0.000000     7  12    
 -0.000000  0.000000     7  13   *
  0.000000 -0.000000     7  13   *
  0.000000  0.000000     7  13    
  0.000000  0.000000     7  14    
 -0.000000 -0.000000     7  14    
  0.000000  0.000000     7  14    
 -0.000000 -0.000000     7  15    
  0.000000  0.000000     7  15    
  0.000000  0.000000     7  15    
  0.000000  0.000000     8   1    
  0.000000  0.000000     8   1    
  0.000000 -0.000000     8   1   *
 -0.000000 -0.000000     8   2    
 -0.000001 -0.000001     8   2    
  0.000000 -0.000000     8   2   *
  0.000000  0.000000     8   3    
  0.000003  0.000003     8   3    
 -0.000000  0.000000     8   3   *
 -0.000004 -0.000004     8   4    
 -0.000001 -0.000001     8   4    
  0.000000 -0.000000     8   4   *
  0.000000  0.000000     8   5    
 -0.000002 -0.000002     8   5    
 -0.000000  0.000000     8   5   *
 -0.000001 -0.000001     8   6    
  0.000000  0.000000     8   6    
  0.000000 -0.000000     8   6   *
 -0.000000 -0.000000     8   7    
  0.000000  0.000000     8   7    
 -0.000000  0.000000     8   7   *
  0.000003  0.000003     8   8    
  0.000000  0.000000     8   8    
 -0.000000  0.000000     8   8   *
  0.000000  0.000000     8   9    
  0.000000  0.000000     8   9    
  0.000000 -0.000000     8   9   *
  0.000001  0.000001     8  10    
 -0.000000 -0.000000     8  10    
  0.000000 -0.000000     8  10   *
  0.000000  0.000000     8  11    
 -0.000000 -0.000000     8  11    
 -0.000000  0.000000     8  11   *
  0.000000  0.000000     8  12    
 -0.000000 -0.000000     8  12    
  0.000000 -0.000000     8  12   *
  0.000000  0.000000     8  13    
 -0.000000 -0.000000     8  13    
 -0.000000  0.000000     8  13   *
  0.000000  0.000000     8  14    
  0.000000  0.000000     8  14    
 -0.000000 -0.000000     8  14    
  0.000000  0.000000     8  15    
  0.000000  0.000000     8  15    
  0.000000  0.000000     8  15    
  0.000000  0.000000     8   1    
 -0.000000 -0.000000     8   1    
 -0.000000  0.000000     8   1   *
  0.000000  0.000000     8   2    
  0.000001  0.000001     8   2    
  0.000000 -0.000000     8   2   *
  0.000002  0.000002     8   3    
 -0.000003 -0.000003     8   3    
 -0.000000  0.000000     8   3   *
 -0.000001 -0.000001     8   4    
 -0.000028 -0.000028     8   4    
  0.000000 -0.000000     8   4   *
 -0.000001 -0.000001     8   5    
 -0.000003 -0.000003     8   5    
 -0.000000  0.000000     8   5   *
 -0.000000 -0.000000     8   6    
  0.000000  0.000000     8   6    
  0.000000 -0.000000     8   6   *
  0.000000  0.000000     8   7    
 -0.000000 -0.000000     8   7    
  0.000000 -0.000000     8   7   *
  0.000000  0.000000     8   8    
  0.000028  0.000028     8   8    
 -0.000000  0.000000     8   8   *
 -0.000000 -0.000000     8   9    
  0.000000  0.000000     8   9    
  0.000000 -0.000000     8   9   *
 -0.000000 -0.000000     8  10    
 -0.000000 -0.000000     8  10    
  0.000000 -0.000000     8  10   *
  0.000000  0.000000     8  11    
 -0.000000 -0.000000     8  11    
  0.000000 -0.000000     8  11   *
  0.000000  0.000000     8  12    
 -0.000000 -0.000000     8  12    
  0.000000 -0.000000     8  12   *
  0.000000  0.000000     8  13    
  0.000000  0.000000     8  13    
 -0.000000  0.000000     8  13   *
 -0.000000 -0.000000     8  14    
  0.000000  0.000000     8  14    
  0.000000  0.000000     8  14    
 -0.000000 -0.000000     8  15    
  0.000000  0.000000     8  15    
 -0.000000 -0.000000     8  15    
 -0.000000  0.000000     8   1   *
  0.000000 -0.000000     8   1   *
 -0.000000 -0.000000     8   1    
  0.000000 -0.000000     8   2   *
  0.000000 -0.000000     8   2   *
  0.000000  0.000000     8   2    
 -0.000000  0.000000     8   3   *
 -0.000000  0.000000     8   3   *
  0.000001  0.000001     8   3    
  0.000000 -0.000000     8   4   *
 -0.000000  0.000000     8   4   *
 -0.000003 -0.000003     8   4    
  0.000000 -0.000000     8   5   *
 -0.000000  0.000000     8   5   *
  0.000001  0.000001     8   5    
 -0.000000  0.000000     8   6   *
 -0.000000  0.000000     8   6   *
  0.000000  0.000000     8   6    
 -0.000000  0.000000     8   7   *
 -0.000000  0.000000     8   7   *
 -0.000000 -0.000000     8   7    
 -0.000000  0.000000     8   8   *
 -0.000000  0.000000     8   8   *
  0.000001  0.000001     8   8    
 -0.000000  0.000000     8   9   *
 -0.000000  0.000000     8   9   *
 -0.000000 -0.000000     8   9    
  0.000000 -0.000000     8  10   *
  0.000000 -0.000000     8  10   *
 -0.000001 -0.000001     8  10    
  0.000000 -0.000000     8  11   *
  0.000000 -0.000000     8  11   *
 -0.000000 -0.000000     8  11    
  0.000000 -0.000000     8  12   *
 -0.000000  0.000000     8  12   *
 -0.000000 -0.000000     8  12    
 -0.000000  0.000000     8  13   *
  0.000000 -0.000000     8  13   *
  0.000000  0.000000     8  13    
 -0.000000 -0.000000     8  14    
 -0.000000 -0.000000     8  14    
  0.000000  0.000000     8  14    
  0.000000  0.000000     8  15    
  0.000000  0.000000     8  15    
  0.000000  0.000000     8  15    
 -0.000011 -0.000011     9   1    
  0.000004  0.000004     9   1    
 -0.000000  0.000000     9   1   *
  0.000002  0.000002     9   2    
 -0.000006 -0.000006     9   2    
  0.000000 -0.000000     9   2   *
 -0.000001 -0.000001     9   3    
 -0.000000 -0.000000     9   3    
  0.000000 -0.000000     9   3   *
 -0.000000 -0.000000     9   4    
  0.000000  0.000000     9   4    
  0.000000 -0.000000     9   4   *
 -0.000001 -0.000001     9   5    
  0.000000  0.000000     9   5    
 -0.000000  0.000000     9   5   *
  0.000001  0.000001     9   6    
  0.000005  0.000005     9   6    
  0.000000 -0.000000     9   6   *
  0.000000  0.000000     9   7    
  0.000001  0.000001     9   7    
 -0.000000  0.000000     9   7   *
  0.000000  0.000000     9   8    
 -0.000000 -0.000000     9   8    
 -0.000000  0.000000     9   8   *
  0.000038  0.000038     9   9    
 -0.000013 -0.000013     9   9    
  0.000000 -0.000000     9   9   *
  0.000000  0.000000     9  10    
 -0.000001 -0.000001     9  10    
 -0.000000  0.000000     9  10   *
  0.000000  0.000000     9  11    
  0.000000  0.000000     9  11    
  0.000000 -0.000000     9  11   *
  0.000000  0.000000     9  12    
 -0.000000 -0.000000     9  12    
 -0.000000  0.000000     9  12   *
 -0.000000 -0.000000     9  13    
 -0.000000 -0.000000     9  13    
  0.000000 -0.000000     9  13   *
 -0.000000 -0.000000     9  14    
  0.000000  0.000000     9  14    
 -0.000000 -0.000000     9  14    
 -0.000000 -0.000000     9  15    
  0.000000  0.000000     9  15    
  0.000000  0.000000     9  15    
  0.000003  0.000003     9   1    
 -0.000067 -0.000067     9   1    
 -0.000000  0.000000     9   1   *
  0.000000  0.000000     9   2    
 -0.000002 -0.000002     9   2    
  0.000000 -0.000000     9   2   *
 -0.000000 -0.000000     9   3    
  0.000000  0.000000     9   3    
  0.000000 -0.000000     9   3   *
 -0.000000 -0.000000     9   4    
 -0.000000 -0.000000     9   4    
  0.000000 -0.000000     9   4   *
  0.000000  0.000000     9   5    
  0.000001  0.000001     9   5    
 -0.000000  0.000000     9   5   *
  0.000000  0.000000     9   6    
 -0.000001 -0.000001     9   6    
  0.000000 -0.000000     9   6   *
  0.000000  0.000000     9   7    
  0.000000  0.000000     9   7    
  0.000000 -0.000000     9   7   *
  0.000000  0.000000     9   8    
  0.000000  0.000000     9   8    
 -0.000000  0.000000     9   8   *
 -0.000013 -0.000013     9   9    
  0.000260  0.000260     9   9    
 -0.000000  0.000000     9   9   *
  0.000000  0.000000     9  10    
 -0.000000 -0.000000     9  10    
 -0.000000  0.000000     9  10   *
 -0.000000 -0.000000     9  11    
 -0.000000 -0.000000     9  11    
  0.000000 -0.000000     9  11   *
 -0.000000 -0.000000     9  12    
  0.000001  0.000001     9  12    
 -0.000000  0.000000     9  12   *
 -0.000000 -0.000000     9  13    
 -0.000000 -0.000000     9  13    
 -0.000000  0.000000     9  13   *
 -0.000000 -0.000000     9  14    
  0.000000  0.000000     9  14    
  0.000000  0.000000     9  14    
 -0.000000 -0.000000     9  15    
  0.000000  0.000000     9  15    
 -0.000000 -0.000000     9  15    
 -0.000000  0.000000     9   1   *
  0.000000 -0.000000     9   1   *
 -0.000001 -0.000001     9   1    
  0.000000 -0.000000     9   2   *
  0.000000 -0.000000     9   2   *
 -0.000000 -0.000000     9   2    
 -0.000000  0.000000     9   3   *
 -0.000000  0.000000     9   3   *
  0.000000  0.000000     9   3    
  0.000000 -0.000000     9   4   *
  0.000000 -0.000000     9   4   *
 -0.000000 -0.000000     9   4    
  0.000000 -0.000000     9   5   *
 -0.000000  0.000000     9   5   *
  0.000000  0.000000     9   5    
 -0.000000  0.000000     9   6   *
 -0.000000  0.000000     9   6   *
 -0.000001 -0.000001     9   6    
  0.000000 -0.000000     9   7   *
  0.000000 -0.000000     9   7   *
 -0.000001 -0.000001     9   7    
  0.000000 -0.000000     9   8   *
  0.000000 -0.000000     9   8   *
 -0.000000 -0.000000     9   8    
  0.000000 -0.000000     9   9   *
 -0.000000  0.000000     9   9   *
  0.000006  0.000006     9   9    
 -0.000000  0.000000     9  10   *
  0.000000 -0.000000     9  10   *
  0.000001  0.000001     9  10    
 -0.000000  0.000000     9  11   *
 -0.000000  0.000000     9  11   *
  0.000000  0.000000     9  11    
 -0.000000  0.000000     9  12   *
 -0.000000  0.000000     9  12   *
 -0.000001 -0.000001     9  12    
  0.000000 -0.000000     9  13   *
  0.000000 -0.000000     9  13   *
  0.000000  0.000000     9  13    
 -0.000000 -0.000000     9  14    
  0.000000  0.000000     9  14    
 -0.000000 -0.000000     9  14    
  0.000000  0.000000     9  15    
 -0.000000 -0.000000     9  15    
 -0.000000 -0.000000     9  15    
  0.000000  0.000000    10   1    
  0.000000  0.000000    10   1    
  0.000000 -0.000000    10   1   *
  0.000002  0.000002    10   2    
 -0.000000 -0.000000    10   2    
 -0.000000  0.000000    10   2   *
 -0.000050 -0.000050    10   3    
 -0.000025 -0.000025    10   3    
  0.000000 -0.000000    10   3   *
 -0.000004 -0.000004    10   4    
 -0.000003 -0.000003    10   4    
 -0.000000  0.000000    10   4   *
 -0.000000 -0.000000    10   5    
  0.000001  0.000001    10   5    
  0.000000 -0.000000    10   5   *
 -0.000000 -0.000000    10   6    
  0.000000  0.000000    10   6    
 -0.000000  0.000000    10   6   *
 -0.000000 -0.000000    10   7    
  0.000000  0.000000    10   7    
  0.000000 -0.000000    10   7   *
  0.000001  0.000001    10   8    
 -0.000000 -0.000000    10   8    
  0.000000 -0.000000    10   8   *
  0.000000  0.000000    10   9    
  0.000000  0.000000    10   9    
 -0.000000  0.000000    10   9   *
  0.000191  0.000191    10  10    
  0.000100  0.000100    10  10    
 -0.000000  0.000000    10  10   *
 -0.000000 -0.000000    10  11    
 -0.000000 -0.000000    10  11    
  0.000000 -0.000000    10  11   *
 -0.000000 -0.000000    10  12    
 -0.000000 -0.000000    10  12    
  0.000000 -0.000000    10  12   *
 -0.000000 -0.000000    10  13    
  0.000000  0.000000    10  13    
  0.000000 -0.000000    10  13   *
  0.000000  0.000000    10  14    
  0.000000  0.000000    10  14    
  0.000000  0.000000    10  14    
  0.000000  0.000000    10  15    
  0.000000  0.000000    10  15    
 -0.000000 -0.000000    10  15    
  0.000000  0.000000    10   1    
 -0.000001 -0.000001    10   1    
 -0.000000  0.000000    10   1   *
 -0.000006 -0.000006    10   2    
 -0.000002 -0.000002    10   2    
  0.000000 -0.000000    10   2   *
 -0.000024 -0.000024    10   3    
 -0.000027 -0.000027    10   3    
  0.000000 -0.000000    10   3   *
  0.000002  0.000002    10   4    
  0.000003  0.000003    10   4    
  0.000000 -0.000000    10   4   *
  0.000001  0.000001    10   5    
 -0.000000 -0.000000    10   5    
 -0.000000  0.000000    10   5   *
  0.000000  0.000000    10   6    
 -0.000000 -0.000000    10   6    
  0.000000 -0.000000    10   6   *
  0.000000  0.000000    10   7    
  0.000001  0.000001    10   7    
 -0.000000  0.000000    10   7   *
 -0.000000 -0.000000    10   8    
 -0.000000 -0.000000    10   8    
  0.000000 -0.000000    10   8   *
 -0.000001 -0.000001    10   9    
 -0.000000 -0.000000    10   9    
  0.000000 -0.000000    10   9   *
  0.000100  0.000100    10  10    
  0.000098  0.000098    10  10    
  0.000000 -0.000000    10  10   *
  0.000000  0.000000    10  11    
  0.000000  0.000000    10  11    
  0.000000 -0.000000    10  11   *
 -0.000000 -0.000000    10  12    
  0.000000  0.000000    10  12    
 -0.000000  0.000000    10  12   *
  0.000000  0.000000    10  13    
 -0.000000 -0.000000    10  13    
  0.000000 -0.000000    10  13   *
 -0.000000 -0.000000    10  14    
 -0.000000 -0.000000    10  14    
 -0.000000 -0.000000    10  14    
 -0.000000 -0.000000    10  15    
 -0.000000 -0.000000    10  15    
  0.000000  0.000000    10  15    
  0.000000 -0.000000    10   1   *
  0.000000 -0.000000    10   1   *
  0.000001  0.000001    10   1    
 -0.000000  0.000000    10   2   *
 -0.000000  0.000000    10   2   *
 -0.000000 -0.000000    10   2    
  0.000000 -0.000000    10   3   *
  0.000000 -0.000000    10   3   *
 -0.000002 -0.000002    10   3    
 -0.000000  0.000000    10   4   *
  0.000000 -0.000000    10   4   *
  0.000000  0.000000    10   4    
 -0.000000  0.000000    10   5   *
  0.000000 -0.000000    10   5   *
  0.000001  0.000001    10   5    
  0.000000 -0.000000    10   6   *
  0.000000 -0.000000    10   6   *
 -0.000000 -0.000000    10   6    
 -0.000000  0.000000    10   7   *
  0.000000 -0.000000    10   7   *
 -0.000001 -0.000001    10   7    
  0.000000 -0.000000    10   8   *
  0.000000 -0.000000    10   8   *
 -0.000001 -0.000001    10   8    
 -0.000000  0.000000    10   9   *
 -0.000000  0.000000    10   9   *
  0.000001  0.000001    10   9    
 -0.000000  0.000000    10  10   *
  0.000000 -0.000000    10  10   *
  0.000008  0.000008    10  10    
  0.000000 -0.000000    10  11   *
 -0.000000  0.000000    10  11   *
  0.000000  0.000000    10  11    
  0.000000 -0.000000    10  12   *
  0.000000 -0.000000    10  12   *
 -0.000000 -0.000000    10  12    
 -0.000000  0.000000    10  13   *
 -0.000000  0.000000    10  13   *
 -0.000000 -0.000000    10  13    
  0.000000  0.000000    10  14    
  0.000000  0.000000    10  14    
 -0.000000 -0.000000    10  14    
 -0.000000 -0.000000    10  15    
 -0.000000 -0.000000    10  15    
 -0.000000 -0.000000    10  15    
  0.000000  0.000000    11   1    
 -0.000000 -0.000000    11   1    
  0.000000 -0.000000    11   1   *
 -0.000000 -0.000000    11   2    
 -0.000000 -0.000000    11   2    
 -0.000000  0.000000    11   2   *
 -0.000000 -0.000000    11   3    
 -0.000000 -0.000000    11   3    
  0.000000 -0.000000    11   3   *
 -0.000001 -0.000001    11   4    
  0.000000  0.000000    11   4    
 -0.000000  0.000000    11   4   *
 -0.000009 -0.000009    11   5    
  0.000003  0.000003    11   5    
  0.000000 -0.000000    11   5   *
 -0.000000 -0.000000    11   6    
  0.000000  0.000000    11   6    
 -0.000000  0.000000    11   6   *
  0.000000  0.000000    11   7    
  0.000000  0.000000    11   7    
 -0.000000  0.000000    11   7   *
  0.000000  0.000000    11   8    
  0.000000  0.000000    11   8    
  0.000000 -0.000000    11   8   *
  0.000000  0.000000    11   9    
 -0.000000 -0.000000    11   9    
 -0.000000  0.000000    11   9   *
 -0.000000 -0.000000    11  10    
  0.000000  0.000000    11  10    
  0.000000 -0.000000    11  10   *
  0.000024  0.000024    11  11    
  0.000002  0.000002    11  11    
 -0.000000  0.000000    11  11   *
  0.000000  0.000000    11  12    
 -0.000000 -0.000000    11  12    
  0.000000 -0.000000    11  12   *
 -0.000031 -0.000031    11  13    
 -0.000021 -0.000021    11  13    
 -0.000000  0.000000    11  13   *
 -0.000008 -0.000008    11  14    
  0.000002  0.000002    11  14    
  0.000003  0.000003    11  14    
 -0.000008 -0.000008    11  15    
  0.000002  0.000002    11  15    
 -0.000003 -0.000003    11  15    
  0.000000  0.000000    11   1    
 -0.000000 -0.000000    11   1    
  0.000000 -0.000000    11   1   *
 -0.000000 -0.000000    11   2    
 -0.000000 -0.000000    11   2    
 -0.000000  0.000000    11   2   *
 -0.000000 -0.000000    11   3    
 -0.000000 -0.000000    11   3    
  0.000000 -0.000000    11   3   *
 -0.000001 -0.000001    11   4    
  0.000001  0.000001    11   4    
  0.000000 -0.000000    11   4   *
  0.000003  0.000003    11   5    
 -0.000006 -0.000006    11   5    
  0.000000 -0.000000    11   5   *
  0.000001  0.000001    11   6    
 -0.000001 -0.000001    11   6    
 -0.000000  0.000000    11   6   *
  0.000000  0.000000    11   7    
  0.000000  0.000000    11   7    
  0.000000 -0.000000    11   7   *
 -0.000000 -0.000000    11   8    
 -0.000000 -0.000000    11   8    
  0.000000 -0.000000    11   8   *
  0.000000  0.000000    11   9    
 -0.000000 -0.000000    11   9    
 -0.000000  0.000000    11   9   *
 -0.000000 -0.000000    11  10    
  0.000000  0.000000    11  10    
 -0.000000  0.000000    11  10   *
  0.000002  0.000002    11  11    
  0.000026  0.000026    11  11    
  0.000000 -0.000000    11  11   *
  0.000000  0.000000    11  12    
  0.000000  0.000000    11  12    
  0.000000 -0.000000    11  12   *
 -0.000021 -0.000021    11  13    
 -0.000026 -0.000026    11  13    
  0.000000 -0.000000    11  13   *
  0.000002  0.000002    11  14    
 -0.000022 -0.000022    11  14    
 -0.000020 -0.000020    11  14    
  0.000002  0.000002    11  15    
 -0.000022 -0.000022    11  15    
  0.000020  0.000020    11  15    
 -0.000000  0.000000    11   1   *
  0.000000 -0.000000    11   1   *
  0.000000  0.000000    11   1    
  0.000000 -0.000000    11   2   *
  0.000000 -0.000000    11   2   *
 -0.000000 -0.000000    11   2    
 -0.000000  0.000000    11   3   *
  0.000000 -0.000000    11   3   *
  0.000000  0.000000    11   3    
  0.000000 -0.000000    11   4   *
  0.000000 -0.000000    11   4   *
  0.000000  0.000000    11   4    
  0.000000 -0.000000    11   5   *
  0.000000 -0.000000    11   5   *
 -0.000003 -0.000003    11   5    
  0.000000 -0.000000    11   6   *
 -0.000000  0.000000    11   6   *
 -0.000000 -0.000000    11   6    
  0.000000 -0.000000    11   7   *
 -0.000000  0.000000    11   7   *
 -0.000000 -0.000000    11   7    
 -0.000000  0.000000    11   8   *
  0.000000 -0.000000    11   8   *
 -0.000000 -0.000000    11   8    
  0.000000 -0.000000    11   9   *
  0.000000 -0.000000    11   9   *
  0.000000  0.000000    11   9    
  0.000000 -0.000000    11  10   *
  0.000000 -0.000000    11  10   *
  0.000000  0.000000    11  10    
 -0.000000  0.000000    11  11   *
  0.000000 -0.000000    11  11   *
  0.000025  0.000025    11  11    
 -0.000000  0.000000    11  12   *
 -0.000000  0.000000    11  12   *
 -0.000001 -0.000001    11  12    
  0.000000 -0.000000    11  13   *
  0.000000 -0.000000    11  13   *
 -0.000008 -0.000008    11  13    
  0.000003  0.000003    11  14    
 -0.000020 -0.000020    11  14    
 -0.000035 -0.000035    11  14    
 -0.000003 -0.000003    11  15    
  0.000020  0.000020    11  15    
 -0.000035 -0.000035    11  15    
 -0.000004 -0.000004    12   1    
 -0.000003 -0.000003    12   1    
  0.000000 -0.000000    12   1   *
  0.000000  0.000000    12   2    
  0.000001  0.000001    12   2    
 -0.000000  0.000000    12   2   *
  0.000000  0.000000    12   3    
 -0.000000 -0.000000    12   3    
  0.000000 -0.000000    12   3   *
 -0.000000 -0.000000    12   4    
  0.000000  0.000000    12   4    
 -0.000000  0.000000    12   4   *
  0.000001  0.000001    12   5    
  0.000000  0.000000    12   5    
  0.000000 -0.000000    12   5   *
 -0.000036 -0.000036    12   6    
 -0.000022 -0.000022    12   6    
 -0.000000  0.000000    12   6   *
 -0.000000 -0.000000    12   7    
 -0.000000 -0.000000    12   7    
  0.000000 -0.000000    12   7   *
  0.000000  0.000000    12   8    
  0.000000  0.000000    12   8    
  0.000000 -0.000000    12   8   *
  0.000000  0.000000    12   9    
 -0.000000 -0.000000    12   9    
 -0.000000  0.000000    12   9   *
 -0.000000 -0.000000    12  10    
 -0.000000 -0.000000    12  10    
  0.000000 -0.000000    12  10   *
  0.000000  0.000000    12  11    
  0.000000  0.000000    12  11    
 -0.000000  0.000000    12  11   *
  0.000136  0.000136    12  12    
  0.000080  0.000080    12  12    
  0.000000 -0.000000    12  12   *
  0.000000  0.000000    12  13    
 -0.000000 -0.000000    12  13    
 -0.000000  0.000000    12  13   *
 -0.000000 -0.000000    12  14    
  0.000000  0.000000    12  14    
 -0.000000 -0.000000    12  14    
 -0.000000 -0.000000    12  15    
  0.000000  0.000000    12  15    
  0.000000  0.000000    12  15    
  0.000003  0.000003    12   1    
  0.000002  0.000002    12   1    
  0.000000 -0.000000    12   1   *
  0.000000  0.000000    12   2    
 -0.000000 -0.000000    12   2    
 -0.000000  0.000000    12   2   *
 -0.000000 -0.000000    12   3    
  0.000000  0.000000    12   3    
 -0.000000  0.000000    12   3   *
  0.000001  0.000001    12   4    
 -0.000001 -0.000001    12   4    
 -0.000000  0.000000    12   4   *
 -0.000004 -0.000004    12   5    
 -0.000002 -0.000002    12   5    
  0.000000 -0.000000    12   5   *
 -0.000023 -0.000023    12   6    
 -0.000027 -0.000027    12   6    
 -0.000000  0.000000    12   6   *
  0.000000  0.000000    12   7    
  0.000000  0.000000    12   7    
 -0.000000  0.000000    12   7   *
 -0.000000 -0.000000    12   8    
 -0.000000 -0.000000    12   8    
 -0.000000  0.000000    12   8   *
 -0.000000 -0.000000    12   9    
  0.000001  0.000001    12   9    
 -0.000000  0.000000    12   9   *
 -0.000000 -0.000000    12  10    
  0.000000  0.000000    12  10    
  0.000000 -0.000000    12  10   *
 -0.000000 -0.000000    12  11    
  0.000000  0.000000    12  11    
 -0.000000  0.000000    12  11   *
  0.000080  0.000080    12  12    
  0.000096  0.000096    12  12    
  0.000000 -0.000000    12  12   *
  0.000001  0.000001    12  13    
  0.000000  0.000000    12  13    
 -0.000000  0.000000    12  13   *
  0.000000  0.000000    12  14    
  0.000000  0.000000    12  14    
  0.000000  0.000000    12  14    
  0.000000  0.000000    12  15    
  0.000000  0.000000    12  15    
 -0.000000 -0.000000    12  15    
  0.000000 -0.000000    12   1   *
 -0.000000  0.000000    12   1   *
  0.000000  0.000000    12   1    
 -0.000000  0.000000    12   2   *
 -0.000000  0.000000    12   2   *
  0.000001  0.000001    12   2    
  0.000000 -0.000000    12   3   *
  0.000000 -0.000000    12   3   *
 -0.000000 -0.000000    12   3    
 -0.000000  0.000000    12   4   *
 -0.000000  0.000000    12   4   *
  0.000002  0.000002    12   4    
 -0.000000  0.000000    12   5   *
  0.000000 -0.000000    12   5   *
  0.000002  0.000002    12   5    
  0.000000 -0.000000    12   6   *
  0.000000 -0.000000    12   6   *
 -0.000007 -0.000007    12   6    
  0.000000 -0.000000    12   7   *
  0.000000 -0.000000    12   7   *
 -0.000000 -0.000000    12   7    
  0.000000 -0.000000    12   8   *
  0.000000 -0.000000    12   8   *
 -0.000000 -0.000000    12   8    
 -0.000000  0.000000    12   9   *
 -0.000000  0.000000    12   9   *
 -0.000001 -0.000001    12   9    
  0.000000 -0.000000    12  10   *
 -0.000000  0.000000    12  10   *
 -0.000000 -0.000000    12  10    
  0.000000 -0.000000    12  11   *
  0.000000 -0.000000    12  11   *
 -0.000001 -0.000001    12  11    
  0.000000 -0.000000    12  12   *
  0.000000 -0.000000    12  12   *
  0.000014  0.000014    12  12    
 -0.000000  0.000000    12  13   *
 -0.000000  0.000000    12  13   *
  0.000000  0.000000    12  13    
  0.000000  0.000000    12  14    
 -0.000000 -0.000000    12  14    
  0.000000  0.000000    12  14    
 -0.000000 -0.000000    12  15    
  0.000000  0.000000    12  15    
  0.000000  0.000000    12  15    
 -0.000000 -0.000000    13   1    
  0.000000  0.000000    13   1    
 -0.000000  0.000000    13   1   *
  0.000000  0.000000    13   2    
 -0.000000 -0.000000    13   2    
  0.000000 -0.000000    13   2   *
 -0.000000 -0.000000    13   3    
 -0.000000 -0.000000    13   3    
  0.000000 -0.000000    13   3   *
 -0.000000 -0.000000    13   4    
  0.000001  0.000001    13   4    
  0.000000 -0.000000    13   4   *
 -0.000003 -0.000003    13   5    
 -0.000003 -0.000003    13   5    
 -0.000000  0.000000    13   5   *
  0.000000  0.000000    13   6    
 -0.000000 -0.000000    13   6    
  0.000000 -0.000000    13   6   *
 -0.000000 -0.000000    13   7    
  0.000000  0.000000    13   7    
 -0.000000  0.000000    13   7   *
  0.000000  0.000000    13   8    
  0.000000  0.000000    13   8    
 -0.000000  0.000000    13   8   *
 -0.000000 -0.000000    13   9    
 -0.000000 -0.000000    13   9    
  0.000000 -0.000000    13   9   *
 -0.000000 -0.000000    13  10    
  0.000000  0.000000    13  10    
 -0.000000  0.000000    13  10   *
 -0.000031 -0.000031    13  11    
 -0.000021 -0.000021    13  11    
  0.000000 -0.000000    13  11   *
  0.000000  0.000000    13  12    
  0.000001  0.000001    13  12    
 -0.000000  0.000000    13  12   *
  0.000119  0.000119    13  13    
  0.000078  0.000078    13  13    
  0.000000 -0.000000    13  13   *
  0.000002  0.000002    13  14    
  0.000001  0.000001    13  14    
 -0.000001 -0.000001    13  14    
  0.000002  0.000002    13  15    
  0.000001  0.000001    13  15    
  0.000001  0.000001    13  15    
 -0.000000 -0.000000    13   1    
  0.000000  0.000000    13   1    
 -0.000000  0.000000    13   1   *
  0.000000  0.000000    13   2    
  0.000000  0.000000    13   2    
 -0.000000  0.000000    13   2   *
  0.000000  0.000000    13   3    
  0.000000  0.000000    13   3    
  0.000000 -0.000000    13   3   *
  0.000000  0.000000    13   4    
 -0.000001 -0.000001    13   4    
 -0.000000  0.000000    13   4   *
  0.000002  0.000002    13   5    
  0.000002  0.000002    13   5    
 -0.000000  0.000000    13   5   *
  0.000000  0.000000    13   6    
  0.000000  0.000000    13   6    
  0.000000 -0.000000    13   6   *
 -0.000000 -0.000000    13   7    
  0.000000  0.000000    13   7    
  0.000000 -0.000000    13   7   *
 -0.000000 -0.000000    13   8    
  0.000000  0.000000    13   8    
  0.000000 -0.000000    13   8   *
 -0.000000 -0.000000    13   9    
 -0.000000 -0.000000    13   9    
  0.000000 -0.000000    13   9   *
  0.000000  0.000000    13  10    
 -0.000000 -0.000000    13  10    
 -0.000000  0.000000    13  10   *
 -0.000021 -0.000021    13  11    
 -0.000026 -0.000026    13  11    
  0.000000 -0.000000    13  11   *
 -0.000000 -0.000000    13  12    
  0.000000  0.000000    13  12    
 -0.000000  0.000000    13  12   *
  0.000078  0.000078    13  13    
  0.000098  0.000098    13  13    
  0.000000 -0.000000    13  13   *
 -0.000007 -0.000007    13  14    
 -0.000006 -0.000006    13  14    
  0.000001  0.000001    13  14    
 -0.000007 -0.000007    13  15    
 -0.000006 -0.000006    13  15    
 -0.000001 -0.000001    13  15    
 -0.000000  0.000000    13   1   *
  0.000000 -0.000000    13   1   *
 -0.000000 -0.000000    13   1    
  0.000000 -0.000000    13   2   *
  0.000000 -0.000000    13   2   *
 -0.000000 -0.000000    13   2    
 -0.000000  0.000000    13   3   *
 -0.000000  0.000000    13   3   *
  0.000000  0.000000    13   3    
  0.000000 -0.000000    13   4   *
 -0.000000  0.000000    13   4   *
  0.000000  0.000000    13   4    
  0.000000 -0.000000    13   5   *
 -0.000000  0.000000    13   5   *
 -0.000000 -0.000000    13   5    
 -0.000000  0.000000    13   6   *
 -0.000000  0.000000    13   6   *
  0.000000  0.000000    13   6    
  0.000000 -0.000000    13   7   *
 -0.000000  0.000000    13   7   *
  0.000000  0.000000    13   7    
 -0.000000  0.000000    13   8   *
 -0.000000  0.000000    13   8   *
  0.000000  0.000000    13   8    
  0.000000 -0.000000    13   9   *
 -0.000000  0.000000    13   9   *
  0.000000  0.000000    13   9    
  0.000000 -0.000000    13  10   *
  0.000000 -0.000000    13  10   *
 -0.000000 -0.000000    13  10    
 -0.000000  0.000000    13  11   *
  0.000000 -0.000000    13  11   *
 -0.000008 -0.000008    13  11    
 -0.000000  0.000000    13  12   *
 -0.000000  0.000000    13  12   *
  0.000000  0.000000    13  12    
  0.000000 -0.000000    13  13   *
  0.000000 -0.000000    13  13   *
  0.000024  0.000024    13  13    
 -0.000011 -0.000011    13  14    
 -0.000009 -0.000009    13  14    
  0.000001  0.000001    13  14    
  0.000011  0.000011    13  15    
  0.000009  0.000009    13  15    
  0.000001  0.000001    13  15    
 -0.000000 -0.000000    14   1    
  0.000000  0.000000    14   1    
 -0.000000 -0.000000    14   1    
  0.000000  0.000000    14   2    
  0.000000  0.000000    14   2    
  0.000000  0.000000    14   2    
  0.000000  0.000000    14   3    
 -0.000000 -0.000000    14   3    
 -0.000000 -0.000000    14   3    
 -0.000000 -0.000000    14   4    
  0.000001  0.000001    14   4    
  0.000000  0.000000    14   4    
 -0.000001 -0.000001    14   5    
  0.000003  0.000003    14   5    
  0.000004  0.000004    14   5    
 -0.000000 -0.000000    14   6    
 -0.000000 -0.000000    14   6    
  0.000000  0.000000    14   6    
 -0.000000 -0.000000    14   7    
 -0.000000 -0.000000    14   7    
  0.000000  0.000000    14   7    
  0.000000  0.000000    14   8    
 -0.000000 -0.000000    14   8    
 -0.000000 -0.000000    14   8    
 -0.000000 -0.000000    14   9    
 -0.000000 -0.000000    14   9    
 -0.000000 -0.000000    14   9    
  0.000000  0.000000    14  10    
 -0.000000 -0.000000    14  10    
  0.000000  0.000000    14  10    
 -0.000008 -0.000008    14  11    
  0.000002  0.000002    14  11    
  0.000003  0.000003    14  11    
 -0.000000 -0.000000    14  12    
  0.000000  0.000000    14  12    
  0.000000  0.000000    14  12    
  0.000002  0.000002    14  13    
 -0.000007 -0.000007    14  13    
 -0.000011 -0.000011    14  13    
  0.000029  0.000029    14  14    
 -0.000009 -0.000009    14  14    
 -0.000009 -0.000009    14  14    
 -0.000000 -0.000000    14  15    
 -0.000001 -0.000001    14  15    
 -0.000001 -0.000001    14  15    
  0.000000  0.000000    14   1    
 -0.000000 -0.000000    14   1    
  0.000000  0.000000    14   1    
 -0.000000 -0.000000    14   2    
 -0.000000 -0.000000    14   2    
 -0.000000 -0.000000    14   2    
  0.000000  0.000000    14   3    
 -0.000000 -0.000000    14   3    
 -0.000000 -0.000000    14   3    
 -0.000000 -0.000000    14   4    
 -0.000000 -0.000000    14   4    
  0.000000  0.000000    14   4    
  0.000001  0.000001    14   5   *
 -0.000002 -0.000002    14   5    
 -0.000002 -0.000002    14   5    
  0.000000  0.000000    14   6    
  0.000000  0.000000    14   6    
 -0.000000 -0.000000    14   6    
  0.000000  0.000000    14   7    
 -0.000000 -0.000000    14   7    
 -0.000000 -0.000000    14   7    
  0.000000  0.000000    14   8    
  0.000000  0.000000    14   8    
 -0.000000 -0.000000    14   8    
  0.000000  0.000000    14   9    
  0.000000  0.000000    14   9    
  0.000000  0.000000    14   9    
  0.000000  0.000000    14  10    
 -0.000000 -0.000000    14  10    
  0.000000  0.000000    14  10    
  0.000002  0.000002    14  11    
 -0.000022 -0.000022    14  11    
 -0.000020 -0.000020    14  11    
  0.000000  0.000000    14  12    
  0.000000  0.000000    14  12    
 -0.000000 -0.000000    14  12    
  0.000001  0.000001    14  13    
 -0.000006 -0.000006    14  13    
 -0.000009 -0.000009    14  13    
 -0.000009 -0.000009    14  14    
  0.000081  0.000081    14  14    
  0.000076  0.000076    14  14    
 -0.000001 -0.000001    14  15    
  0.000007  0.000007    14  15    
  0.000009  0.000009    14  15    
  0.000000  0.000000    14   1    
  0.000000  0.000000    14   1    
 -0.000000 -0.000000    14   1    
 -0.000000 -0.000000    14   2    
 -0.000000 -0.000000    14   2    
 -0.000000 -0.000000    14   2    
 -0.000000 -0.000000    14   3    
  0.000000  0.000000    14   3    
 -0.000000 -0.000000    14   3    
  0.000000  0.000000    14   4   *
 -0.000000 -0.000000    14   4    
  0.000000  0.000000    14   4    
  0.000000  0.000000    14   5    
  0.000000  0.000000    14   5    
  0.000001  0.000001    14   5    
 -0.000000 -0.000000    14   6    
  0.000000  0.000000    14   6    
  0.000000  0.000000    14   6    
  0.000000  0.000000    14   7    
  0.000000  0.000000    14   7    
  0.000000  0.000000    14   7    
 -0.000000 -0.000000    14   8    
  0.000000  0.000000    14   8    
  0.000000  0.000000    14   8    
 -0.000000 -0.000000    14   9    
  0.000000  0.000000    14   9    
 -0.000000 -0.000000    14   9    
  0.000000  0.000000    14  10    
 -0.000000 -0.000000    14  10    
 -0.000000 -0.000000    14  10    
  0.000003  0.000003    14  11    
 -0.000020 -0.000020    14  11    
 -0.000035 -0.000035    14  11    
 -0.000000 -0.000000    14  12    
  0.000000  0.000000    14  12    
  0.000000  0.000000    14  12    
 -0.000001 -0.000001    14  13    
  0.000001  0.000001    14  13    
  0.000001  0.000001    14  13    
 -0.000009 -0.000009    14  14    
  0.000076  0.000076    14  14    
  0.000129  0.000129    14  14    
  0.000001  0.000001    14  15    
 -0.000009 -0.000009    14  15    
 -0.000012 -0.000012    14  15    
 -0.000000 -0.000000    15   1    
  0.000000  0.000000    15   1    
  0.000000  0.000000    15   1    
  0.000000  0.000000    15   2    
  0.000000  0.000000    15   2    
 -0.000000 -0.000000    15   2    
  0.000000  0.000000    15   3    
 -0.000000 -0.000000    15   3    
  0.000000  0.000000    15   3    
 -0.000000 -0.000000    15   4    
  0.000001  0.000001    15   4    
 -0.000000 -0.000000    15   4    
 -0.000001 -0.000001    15   5    
  0.000003  0.000003    15   5    
 -0.000004 -0.000004    15   5    
 -0.000000 -0.000000    15   6    
 -0.000000 -0.000000    15   6    
 -0.000000 -0.000000    15   6    
 -0.000000 -0.000000    15   7    
 -0.000000 -0.000000    15   7    
 -0.000000 -0.000000    15   7    
  0.000000  0.000000    15   8    
 -0.000000 -0.000000    15   8    
  0.000000  0.000000    15   8    
 -0.000000 -0.000000    15   9    
 -0.000000 -0.000000    15   9    
  0.000000  0.000000    15   9    
  0.000000  0.000000    15  10    
 -0.000000 -0.000000    15  10    
 -0.000000 -0.000000    15  10    
 -0.000008 -0.000008    15  11    
  0.000002  0.000002    15  11    
 -0.000003 -0.000003    15  11    
 -0.000000 -0.000000    15  12    
  0.000000  0.000000    15  12    
 -0.000000 -0.000000    15  12    
  0.000002  0.000002    15  13    
 -0.000007 -0.000007    15  13    
  0.000011  0.000011    15  13    
 -0.000000 -0.000000    15  14    
 -0.000001 -0.000001    15  14    
  0.000001  0.000001    15  14    
  0.000029  0.000029    15  15    
 -0.000009 -0.000009    15  15    
  0.000009  0.000009    15  15    
  0.000000  0.000000    15   1    
 -0.000000 -0.000000    15   1    
 -0.000000 -0.000000    15   1    
 -0.000000 -0.000000    15   2    
 -0.000000 -0.000000    15   2    
  0.000000  0.000000    15   2    
  0.000000  0.000000    15   3    
 -0.000000 -0.000000    15   3    
  0.000000  0.000000    15   3    
 -0.000000 -0.000000    15   4    
 -0.000000 -0.000000    15   4    
 -0.000000 -0.000000    15   4    
  0.000001  0.000001    15   5   *
 -0.000002 -0.000002    15   5    
  0.000002  0.000002    15   5    
  0.000000  0.000000    15   6    
  0.000000  0.000000    15   6    
  0.000000  0.000000    15   6    
  0.000000  0.000000    15   7    
 -0.000000 -0.000000    15   7    
  0.000000  0.000000    15   7    
  0.000000  0.000000    15   8    
  0.000000  0.000000    15   8    
  0.000000  0.000000    15   8    
  0.000000  0.000000    15   9    
  0.000000  0.000000    15   9    
 -0.000000 -0.000000    15   9    
  0.000000  0.000000    15  10    
 -0.000000 -0.000000    15  10    
 -0.000000 -0.000000    15  10    
  0.000002  0.000002    15  11    
 -0.000022 -0.000022    15  11    
  0.000020  0.000020    15  11    
  0.000000  0.000000    15  12    
  0.000000  0.000000    15  12    
  0.000000  0.000000    15  12    
  0.000001  0.000001    15  13    
 -0.000006 -0.000006    15  13    
  0.000009  0.000009    15  13    
 -0.000001 -0.000001    15  14    
  0.000007  0.000007    15  14    
 -0.000009 -0.000009    15  14    
 -0.000009 -0.000009    15  15    
  0.000081  0.000081    15  15    
 -0.000076 -0.000076    15  15    
 -0.000000 -0.000000    15   1    
 -0.000000 -0.000000    15   1    
 -0.000000 -0.000000    15   1    
  0.000000  0.000000    15   2    
  0.000000  0.000000    15   2    
 -0.000000 -0.000000    15   2    
  0.000000  0.000000    15   3    
 -0.000000 -0.000000    15   3    
 -0.000000 -0.000000    15   3    
 -0.000000 -0.000000    15   4   *
  0.000000  0.000000    15   4    
  0.000000  0.000000    15   4    
 -0.000000 -0.000000    15   5    
 -0.000000 -0.000000    15   5    
  0.000001  0.000001    15   5    
  0.000000  0.000000    15   6    
 -0.000000 -0.000000    15   6    
  0.000000  0.000000    15   6    
 -0.000000 -0.000000    15   7    
 -0.000000 -0.000000    15   7    
  0.000000  0.000000    15   7    
  0.000000  0.000000    15   8    
 -0.000000 -0.000000    15   8    
  0.000000  0.000000    15   8    
  0.000000  0.000000    15   9    
 -0.000000 -0.000000    15   9    
 -0.000000 -0.000000    15   9    
 -0.000000 -0.000000    15  10    
  0.000000  0.000000    15  10    
 -0.000000 -0.000000    15  10    
 -0.000003 -0.000003    15  11    
  0.000020  0.000020    15  11    
 -0.000035 -0.000035    15  11    
  0.000000  0.000000    15  12    
 -0.000000 -0.000000    15  12    
  0.000000  0.000000    15  12    
  0.000001  0.000001    15  13    
 -0.000001 -0.000001    15  13    
  0.000001  0.000001    15  13    
 -0.000001 -0.000001    15  14    
  0.000009  0.000009    15  14    
 -0.000012 -0.000012    15  14    
  0.000009  0.000009    15  15    
 -0.000076 -0.000076    15  15    
  0.000129  0.000129    15  15    
