  0.395228146413051        1.46874154999834       0.000000000000000E+000
   1.18568443923915        1.46874154999834       0.000000000000000E+000
   1.97614073206525        1.46874154999834       0.000000000000000E+000
   2.76659702489135        1.46874154999834       0.000000000000000E+000
   3.55705331771746        1.46874154999834       0.000000000000000E+000
   4.34750961054356        1.46874154999834       0.000000000000000E+000
   5.13796590336966        1.46874154999834       0.000000000000000E+000
   5.92842219619576        1.46874154999834       0.000000000000000E+000
   6.71887848902186        1.46874154999834       0.000000000000000E+000
   7.50933478184796        1.46874154999834       0.000000000000000E+000
   8.29979107467407        1.46874154999834       0.000000000000000E+000
   9.09024736750017        1.46874154999834       0.000000000000000E+000
   9.88070366032627        1.46874154999834       0.000000000000000E+000
   10.6711599531524        1.46874154999834       0.000000000000000E+000
   11.4616162459785        1.46874154999834       0.000000000000000E+000
   12.2520725388046        1.46874154999834       0.000000000000000E+000
   13.0425288316307        1.46874154999834       0.000000000000000E+000
   13.8329851244568        1.46874154999834       0.000000000000000E+000
   14.6234414172829        1.46874154999834       0.000000000000000E+000
   15.4138977101090        1.46874154999834       0.000000000000000E+000
   16.2043540029351        1.46874154999834       0.000000000000000E+000
   16.9948102957612        1.46874154999834       0.000000000000000E+000
   17.7852665885873        1.46874154999834       0.000000000000000E+000
   18.5757228814134        1.46874154999834       0.000000000000000E+000
   19.3661791742395        1.46874154999834       0.000000000000000E+000
   20.1566354670656        1.46874154999834       0.000000000000000E+000
   20.9470917598917        1.46874154999834       0.000000000000000E+000
   21.7375480527178        1.46874154999834       0.000000000000000E+000
   22.5280043455439        1.46874154999834       0.000000000000000E+000
   23.3184606383700        1.46874154999834       0.000000000000000E+000
   24.1089169311961        1.46874154999834       0.000000000000000E+000
   24.8993732240222        1.46874154999834       0.000000000000000E+000
   25.6898295168483        1.46874154999834       0.000000000000000E+000
   26.4802858096744        1.46874154999834       0.000000000000000E+000
   27.2707421025005        1.46874154999834       0.000000000000000E+000
   28.0611983953266        1.46874154999834       0.000000000000000E+000
   28.8516546881527        1.46874154999834       0.000000000000000E+000
   29.6421109809788        1.46874154999834       0.000000000000000E+000
   30.4325672738049        1.46874154999834       0.000000000000000E+000
   31.2230235666310        1.46874154999834       0.000000000000000E+000
   32.0134798594571        1.46874154999834       0.000000000000000E+000
   32.8039361522832        1.46874154999834       0.000000000000000E+000
   33.5943924451093        1.46874154999834       0.000000000000000E+000
   34.3848487379354        1.46874154999834       0.000000000000000E+000
   35.1753050307615        1.46874154999834       0.000000000000000E+000
   35.9657613235876        1.46874154999834       0.000000000000000E+000
   36.7562176164137        1.46874154999834       0.000000000000000E+000
   37.5466739092398        1.46874154999834       0.000000000000000E+000
   38.3371302020659        1.46874154999834       0.000000000000000E+000
   39.1275864948920        1.46874154999834       0.000000000000000E+000
   39.9180427877181        1.46874154999834       0.000000000000000E+000
   40.7084990805442        1.46874154999834       0.000000000000000E+000
   41.4989553733703        1.46874154999834       0.000000000000000E+000
   42.2894116661964        1.46874154999834       0.000000000000000E+000
   43.0798679590225        1.46874154999834       0.000000000000000E+000
   43.8703242518486        1.46874154999834       0.000000000000000E+000
   44.6607805446747        1.46874154999834       0.000000000000000E+000
   45.4512368375008        1.46874154999834       0.000000000000000E+000
   46.2416931303269        1.46874154999834       0.000000000000000E+000
   47.0321494231530        1.46874154999834       0.000000000000000E+000
   47.8226057159791        1.46874154999834       0.000000000000000E+000
   48.6130620088052        1.46874154999834       0.000000000000000E+000
   49.4035183016313        1.46874154999834       0.000000000000000E+000
   50.1939745944574        1.46874154999834       0.000000000000000E+000
   50.9844308872835        1.46874154999834       0.000000000000000E+000
   51.7748871801096        1.46874154999834       0.000000000000000E+000
   52.5653434729357        1.46874154999834       0.000000000000000E+000
   53.3557997657618        1.46874154999834       0.000000000000000E+000
   54.1462560585879        1.46874154999834       0.000000000000000E+000
   54.9367123514140        1.46874154999834       0.000000000000000E+000
   55.7271686442401        1.46874154999834       0.000000000000000E+000
   56.5176249370662        1.46874154999834       0.000000000000000E+000
   57.3080812298923        1.46874154999834       0.000000000000000E+000
   58.0985375227184        1.46874154999834       0.000000000000000E+000
   58.8889938155446        1.46874154999834       0.000000000000000E+000
   59.6794501083707        1.46874154999834       0.000000000000000E+000
   60.4699064011968        1.46874154999834       0.000000000000000E+000
   61.2603626940229        1.46874154999834       0.000000000000000E+000
   62.0508189868490        1.46874154999834       0.000000000000000E+000
   62.8412752796751        1.46874154999834       0.000000000000000E+000
   63.6317315725012        1.46874154999834       0.000000000000000E+000
   64.4221878653273        1.46874154999834       0.000000000000000E+000
   65.2126441581534        1.46874154999834       0.000000000000000E+000
   66.0031004509795        1.46874154999834       0.000000000000000E+000
   66.7935567438056        1.46874154999834       0.000000000000000E+000
   67.5840130366317        1.46874154999834       0.000000000000000E+000
   68.3744693294578        1.46874154999834       0.000000000000000E+000
   69.1649256222839        1.46874154999834       0.000000000000000E+000
   69.9553819151100        1.46874154999834       0.000000000000000E+000
   70.7458382079361        1.46874154999834       0.000000000000000E+000
   71.5362945007622        1.46874154999834       0.000000000000000E+000
   72.3267507935883        1.46874154999834       0.000000000000000E+000
   73.1172070864144        1.46874154999834       0.000000000000000E+000
   73.9076633792405        1.46874154999834       0.000000000000000E+000
   74.6981196720666        1.46874154999834       0.000000000000000E+000
   75.4885759648927        1.46874154999834       0.000000000000000E+000
   76.2790322577188        1.46874154999834       0.000000000000000E+000
   77.0694885505449        1.46874154999834       0.000000000000000E+000
   77.8599448433710        1.46874154999834       0.000000000000000E+000
   78.6504011361971        1.46874154999834       0.000000000000000E+000
   79.4408574290232        1.46874154999834       0.000000000000000E+000
   80.2313137218493        1.46874154999834       0.000000000000000E+000
   81.0217700146754        1.46874154999834       0.000000000000000E+000
   81.8122263075015        1.46874154999834       0.000000000000000E+000
   82.6026826003276        1.46874154999834       0.000000000000000E+000
   83.3931388931537        1.46874154999834       0.000000000000000E+000
   84.1835951859798        1.46874154999834       0.000000000000000E+000
   84.9740514788059        1.46874154999834       0.000000000000000E+000
   85.7645077716320        1.46874154999834       0.000000000000000E+000
   86.5549640644581        1.46874154999834       0.000000000000000E+000
   87.3454203572842        1.46874154999834       0.000000000000000E+000
   88.1358766501103        1.46874154999834       0.000000000000000E+000
   88.9263329429364        1.46874154999834       0.000000000000000E+000
   89.7167892357625        1.46874154999834       0.000000000000000E+000
   90.5072455285886        1.46874154999834       0.000000000000000E+000
   91.2977018214147        1.46874154999834       0.000000000000000E+000
   92.0881581142408        1.46874154999834       0.000000000000000E+000
   92.8786144070669        1.46874154999834       0.000000000000000E+000
   93.6690706998930        1.46874154999834       0.000000000000000E+000
   94.4595269927191        1.46874154999834       0.000000000000000E+000
   95.2499832855452        1.46874154999834       0.000000000000000E+000
   96.0404395783713        1.46874154999834       0.000000000000000E+000
   96.8308958711974        1.46874154999834       0.000000000000000E+000
   97.6213521640235        1.46874154999834       0.000000000000000E+000
   98.4118084568496        1.46874154999834       0.000000000000000E+000
   99.2022647496757        1.46874154999834       0.000000000000000E+000
   99.9927210425018        1.46874154999834       0.000000000000000E+000
   100.783177335328        1.46874154999834       0.000000000000000E+000
   101.573633628154        1.46874154999834       0.000000000000000E+000
   102.364089920980        1.46874154999834       0.000000000000000E+000
   103.154546213806        1.46874154999834       0.000000000000000E+000
   103.945002506632        1.46874154999834       0.000000000000000E+000
   104.735458799458        1.46874154999834       0.000000000000000E+000
   105.525915092285        1.46874154999834       0.000000000000000E+000
   106.316371385111        1.46874154999834       0.000000000000000E+000
   107.106827677937        1.46874154999834       0.000000000000000E+000
   107.897283970763        1.46874154999834       0.000000000000000E+000
   108.687740263589        1.46874154999834       0.000000000000000E+000
   109.478196556415        1.46874154999834       0.000000000000000E+000
   110.268652849241        1.46874154999834       0.000000000000000E+000
   111.059109142067        1.46874154999834       0.000000000000000E+000
   111.849565434893        1.46874154999834       0.000000000000000E+000
   112.640021727719        1.46874154999834       0.000000000000000E+000
   113.430478020546        1.46874154999834       0.000000000000000E+000
   114.220934313372        1.46874154999834       0.000000000000000E+000
   115.011390606198        1.46874154999834       0.000000000000000E+000
   115.801846899024        1.46874154999834       0.000000000000000E+000
   116.592303191850        1.46874154999834       0.000000000000000E+000
   117.382759484676        1.46874154999834       0.000000000000000E+000
   118.173215777502        1.46874154999834       0.000000000000000E+000
   118.963672070328        1.46874154999834       0.000000000000000E+000
   119.754128363154        1.46874154999834       0.000000000000000E+000
   120.544584655980        1.46874154999834       0.000000000000000E+000
   121.335040948807        1.46874154999834       0.000000000000000E+000
   122.125497241633        1.46874154999834       0.000000000000000E+000
   122.915953534459        1.46874154999834       0.000000000000000E+000
   123.706409827285        1.46874154999834       0.000000000000000E+000
   124.496866120111        1.46874154999834       0.000000000000000E+000
   125.287322412937        1.46874154999834       0.000000000000000E+000
   126.077778705763        1.46874154999834       0.000000000000000E+000
   126.868234998589        1.46874154999834       0.000000000000000E+000
   127.658691291415        1.46874154999834       0.000000000000000E+000
   128.449147584241        1.46874154999834       0.000000000000000E+000
   129.239603877068        1.46874154999834       0.000000000000000E+000
   130.030060169894        1.46874154999834       0.000000000000000E+000
   130.820516462720        1.46874154999834       0.000000000000000E+000
   131.610972755546        1.46874154999834       0.000000000000000E+000
   132.401429048372        1.46874154999834       0.000000000000000E+000
   133.191885341198        1.46874154999834       0.000000000000000E+000
   133.982341634024        1.46874154999834       0.000000000000000E+000
   134.772797926850        1.46874154999834       0.000000000000000E+000
   135.563254219676        1.46874154999834       0.000000000000000E+000
   136.353710512502        1.46874154999834       0.000000000000000E+000
   137.144166805329        1.46874154999834       0.000000000000000E+000
   137.934623098155        1.46874154999834       0.000000000000000E+000
   138.725079390981        1.46874154999834       0.000000000000000E+000
   139.515535683807        1.46874154999834       0.000000000000000E+000
   140.305991976633        1.46874154999834       0.000000000000000E+000
   141.096448269459        1.46874154999834       0.000000000000000E+000
   141.886904562285        1.46874154999834       0.000000000000000E+000
   142.677360855111        1.46874154999834       0.000000000000000E+000
   143.467817147937        1.46874154999834       0.000000000000000E+000
   144.258273440764        1.46874154999834       0.000000000000000E+000
   145.048729733590        1.46874154999834       0.000000000000000E+000
   145.839186026416        1.46874154999834       0.000000000000000E+000
   146.629642319242        1.46874154999834       0.000000000000000E+000
   147.420098612068        1.46874154999834       0.000000000000000E+000
   148.210554904894        1.46874154999834       0.000000000000000E+000
   149.001011197720        1.46874154999834       0.000000000000000E+000
   149.791467490546        1.46874154999834       0.000000000000000E+000
   150.581923783372        1.46874154999834       0.000000000000000E+000
   151.372380076198        1.46874154999834       0.000000000000000E+000
   152.162836369024        1.46874154999834       0.000000000000000E+000
   152.953292661851        1.46874154999834       0.000000000000000E+000
   153.743748954677        1.46874154999834       0.000000000000000E+000
   154.534205247503        1.46874154999834       0.000000000000000E+000
   155.324661540329        1.46874154999834       0.000000000000000E+000
   156.115117833155        1.46874154999834       0.000000000000000E+000
   156.905574125981        1.46874154999834       0.000000000000000E+000
   157.696030418807        1.46874154999834       0.000000000000000E+000
   158.486486711633        1.46874154999834       0.000000000000000E+000
   159.276943004459        1.46874154999834       0.000000000000000E+000
   160.067399297286        1.46874154999834       0.000000000000000E+000
   160.857855590112        1.46874154999834       0.000000000000000E+000
   161.648311882938        1.46874154999834       0.000000000000000E+000
   162.438768175764        1.46874154999834       0.000000000000000E+000
   163.229224468590        1.46874154999834       0.000000000000000E+000
   164.019680761416        1.46874154999834       0.000000000000000E+000
   164.810137054242        1.46874154999834       0.000000000000000E+000
   165.600593347068        1.46874154999834       0.000000000000000E+000
   166.391049639894        1.46874154999834       0.000000000000000E+000
   167.181505932720        1.46874154999834       0.000000000000000E+000
   167.971962225547        1.46874154999834       0.000000000000000E+000
   168.762418518373        1.46874154999834       0.000000000000000E+000
   169.552874811199        1.46874154999834       0.000000000000000E+000
   170.343331104025        1.46874154999834       0.000000000000000E+000
   171.133787396851        1.46874154999834       0.000000000000000E+000
   171.924243689677        1.46874154999834       0.000000000000000E+000
