  0.395228146413051       0.999986960547625     
   1.18568443923915       0.999882649009242     
   1.97614073206525       0.999674047694839     
   2.76659702489135       0.999361200124597     
   3.55705331771746       0.998944171567442     
   4.34750961054356       0.998423049027424     
   5.13796590336966       0.997797941225565     
   5.92842219619576       0.997068978577180     
   6.71887848902186       0.996236313164665     
   7.50933478184796       0.995300118705770     
   8.29979107467407       0.994260590517359     
   9.09024736750017       0.993117945474655     
   9.88070366032627       0.991872421966001     
   10.6711599531524       0.990524279843120     
   11.4616162459785       0.989073800366903     
   12.2520725388046       0.987521286148734     
   13.0425288316307       0.985867061087353     
   13.8329851244568       0.984111470301282     
   14.6234414172829       0.982254880056824     
   15.4138977101090       0.980297677691649     
   16.2043540029351       0.978240271533987     
   16.9948102957612       0.976083090817432     
   17.7852665885873       0.973826585591401     
   18.5757228814134       0.971471226627234     
   19.3661791742395       0.969017505319979     
   20.1566354670656       0.966465933585875     
   20.9470917598917       0.963817043755552     
   21.7375480527178       0.961071388462967     
   22.5280043455439       0.958229540530113     
   23.3184606383700       0.955292092847513     
   24.1089169311961       0.952259658250521     
   24.8993732240222       0.949132869391472     
   25.6898295168483       0.945912378607691     
   26.4802858096744       0.942598857785396     
   27.2707421025005       0.939192998219523     
   28.0611983953266       0.935695510469506     
   28.8516546881527       0.932107124211028     
   29.6421109809788       0.928428588083794     
   30.4325672738049       0.924660669535346     
   31.2230235666310       0.920804154660942     
   32.0134798594571       0.916859848039565     
   32.8039361522832       0.912828572566058     
   33.5943924451093       0.908711169279446     
   34.3848487379354       0.904508497187474     
   35.1753050307615       0.900221433087389     
   35.9657613235876       0.895850871383021     
   36.7562176164137       0.891397723898178     
   37.5466739092398       0.886862919686418     
   38.3371302020659       0.882247404837222     
   39.1275864948920       0.877552142278610     
   39.9180427877181       0.872778111576250     
   40.7084990805442       0.867926308729090     
   41.4989553733703       0.862997745961565     
   42.2894116661964       0.857993451512420     
   43.0798679590225       0.852914469420186     
   43.8703242518486       0.847761859305369     
   44.6607805446747       0.842536696149378     
   45.4512368375008       0.837240070070257     
   46.2416931303269       0.831873086095252     
   47.0321494231530       0.826436863930274     
   47.8226057159791       0.820932537726295     
   48.6130620088052       0.815361255842731     
   49.4035183016313       0.809724180607862     
   50.1939745944574       0.804022488076337     
   50.9844308872835       0.798257367783817     
   51.7748871801096       0.792430022498803     
   52.5653434729357       0.786541667971702     
   53.3557997657618       0.780593532681191     
   54.1462560585879       0.774586857577917     
   54.9367123514140       0.768522895825604     
   55.7271686442401       0.762402912539600     
   56.5176249370662       0.756228184522948     
   57.3080812298923       0.750000000000000     
   58.0985375227184       0.743719658347660     
   58.8889938155446       0.737388469824296     
   59.6794501083707       0.731007755296385     
   60.4699064011968       0.724578845962940     
   61.2603626940229       0.718103083077784     
   62.0508189868490       0.711581817669728     
   62.8412752796751       0.705016410260708     
   63.6317315725012       0.698408230581938     
   64.4221878653273       0.691758657288148     
   65.2126441581534       0.685069077669957     
   66.0031004509795       0.678340887364444     
   66.7935567438056       0.671575490063979     
   67.5840130366317       0.664774297223370     
   68.3744693294578       0.657938727765398     
   69.1649256222839       0.651070207784786     
   69.9553819151100       0.644170170250675     
   70.7458382079361       0.637240054707668     
   71.5362945007622       0.630281306975495     
   72.3267507935883       0.623295378847381     
   73.1172070864144       0.616283727787155     
   73.9076633792405       0.609247816625184     
   74.6981196720666       0.602189113253183     
   75.4885759648927       0.595109090317971     
   76.2790322577188       0.588009224914240     
   77.0694885505449       0.580890998276382     
   77.8599448433710       0.573755895469470     
   78.6504011361971       0.566605405079423     
   79.4408574290232       0.559441018902453     
   80.2313137218493       0.552264231633827     
   81.0217700146754       0.545076540556033     
   81.8122263075015       0.537879445226405     
   82.6026826003276       0.530674447164274     
   83.3931388931537       0.523463049537703     
   84.1835951859798       0.516246756849890     
   84.9740514788059       0.509027074625280     
   85.7645077716320       0.501805509095473     
   86.5549640644581       0.494583566884980     
   87.3454203572842       0.487362754696898     
   88.1358766501103       0.480144578998570     
   88.9263329429364       0.472930545707291     
   89.7167892357625       0.465722159876133     
   90.5072455285886       0.458520925379945     
   91.2977018214147       0.451328344601605     
   92.0881581142408       0.444145918118579     
   92.8786144070669       0.436975144389855     
   93.6690706998930       0.429817519443328     
   94.4595269927191       0.422674536563678     
   95.2499832855452       0.415547685980836     
   96.0404395783713       0.408438454559072     
   96.8308958711974       0.401348325486800     
   97.6213521640235       0.394278777967137     
   98.4118084568496       0.387231286909303     
   99.2022647496757       0.380207322620909     
   99.9927210425018       0.373208350501212     
   100.783177335328       0.366235830735390     
   101.573633628154       0.359291217989905     
   102.364089920980       0.352375961109020     
   103.154546213806       0.345491502812526     
   103.945002506632       0.338639279394753     
   104.735458799458       0.331820720424912     
   105.525915092285       0.325037248448856     
   106.316371385111       0.318290278692285     
   107.106827677937       0.311581218765498     
   107.897283970763       0.304911468369723     
   108.687740263589       0.298282419005096     
   109.478196556415       0.291695453680359     
   110.268652849241       0.285151946624324     
   111.059109142067       0.278653262999167     
   111.849565434893       0.272200758615620     
   112.640021727719       0.265795779650105     
   113.430478020546       0.259439662363890     
   114.220934313372       0.253133732824302     
   115.011390606198       0.246879306628073     
   115.801846899024       0.240677688626868     
   116.592303191850       0.234530172655057     
   117.382759484676       0.228438041259784     
   118.173215777502       0.222402565433391     
   118.963672070328       0.216425004348252     
   119.754128363154       0.210506605094076     
   120.544584655980       0.204648602417724     
   121.335040948807       0.198852218465612     
   122.125497241633       0.193118662528731     
   122.915953534459       0.187449130790356     
   123.706409827285       0.181844806076489     
   124.496866120111       0.176306857609086     
   125.287322412937       0.170836440762128     
   126.077778705763       0.165434696820571     
   126.868234998589       0.160102752742246     
   127.658691291415       0.154841720922742     
   128.449147584241       0.149652698963329     
   129.239603877068       0.144536769441965     
   130.030060169894       0.139494999687442     
   130.820516462720       0.134528441556711     
   131.610972755546       0.129638131215430     
   132.401429048372       0.124825088921799     
   133.191885341198       0.120090318813694     
   133.982341634024       0.115434808699186     
   134.772797926850       0.110859529850446     
   135.563254219676       0.106365436801120     
   136.353710512502       0.101953467147178     
   137.144166805329       9.762454135130842E-002
   137.934623098155       9.337956255088221E-002
   138.725079390981       8.921941636953433E-002
   139.515535683807       8.514497073239494E-002
   140.305991976633       8.115707568501769E-002
   141.096448269459       7.725656321603416E-002
   141.886904562285       7.344424708357866E-002
   142.677360855111       6.972092264551438E-002
   143.467817147937       6.608736669349918E-002
   144.258273440764       6.254433729092515E-002
   145.048729733590       5.909257361476403E-002
   145.839186026416       5.573279580135437E-002
   146.629642319242       5.246570479616104E-002
   147.420098612068       4.929198220753712E-002
   148.210554904894       4.621229016452144E-002
   149.001011197720       4.322727117869960E-002
   149.791467490546       4.033754801015726E-002
   150.581923783372       3.754372353755560E-002
   151.372380076198       3.484638063235235E-002
   152.162836369024       3.224608203719952E-002
   152.953292661851       2.974337024853801E-002
   153.743748954677       2.733876740341829E-002
   154.534205247503       2.503277517056724E-002
   155.324661540329       2.282587464572590E-002
   156.115117833155       2.071852625127941E-002
   156.905574125981       1.871116964019901E-002
   157.696030418807       1.680422360431875E-002
   158.486486711633       1.499808598696331E-002
   159.276943004459       1.329313359994631E-002
   160.067399297286       1.168972214495668E-002
   160.857855590112       1.018818613934937E-002
   161.648311882938       8.788838846355276E-003
   162.438768175764       7.491972209725813E-003
   163.229224468590       6.297856792824744E-003
   164.019680761416       5.206741722181377E-003
   164.810137054242       4.218854635515300E-003
   165.600593347068       3.334401634245025E-003
   166.391049639894       2.553567240489034E-003
   167.181505932720       1.876514358569383E-003
   167.971962225547       1.303384241025099E-003
   168.762418518373       8.342964591430030E-004
   169.552874811199       4.693488780116282E-004
   170.343331104025       2.086176361038387E-004
   171.133787396851       5.215712939210816E-005
   171.924243689677       8.024582750190571E-032
