     4.00000      30.551116    
     4.01200      31.387702    
     4.02400      32.252827    
     4.03600      33.147849    
     4.04800      34.074209    
     4.06000      35.033440    
     4.07200      36.027171    
     4.08400      37.057140    
     4.09600      38.125195    
     4.10800      39.233312    
     4.12000      40.383598    
     4.13200      41.578309    
     4.14400      42.819859    
     4.15600      44.110835    
     4.16800      45.454014    
     4.18000      46.852380    
     4.19200      48.309146    
     4.20400      49.827771    
     4.21600      51.411991    
     4.22800      53.065843    
     4.24000      54.793702    
     4.25200      56.600311    
     4.26400      58.490825    
     4.27600      60.470860    
     4.28800      62.546545    
     4.30000      64.724585    
     4.31200      67.012335    
     4.32400      69.417880    
     4.33600      71.950141    
     4.34800      74.618986    
     4.36000      77.435374    
     4.37200      80.411518    
     4.38400      83.561093    
     4.39600      86.899476    
     4.40800      90.444048    
     4.42000      94.214572    
     4.43200      98.233649    
     4.44400      102.52730    
     4.45600      107.12567    
     4.46800      112.06398    
     4.48000      117.38360    
     4.49200      123.13352    
     4.50400      129.37206    
     4.51600      136.16911    
     4.52800      143.60874    
     4.54000      151.79244    
     4.55200      160.84296    
     4.56400      170.90876    
     4.57600      182.16919    
     4.58800      194.84023    
     4.60000      209.18066    
     4.61200      225.49864    
     4.62400      244.15810    
     4.63600      265.58468    
     4.64800      290.27066    
     4.66000      318.77807    
     4.67200      351.73934    
     4.68400      389.85468    
     4.69600      433.88531    
     4.70800      484.64202    
     4.72000      542.96854    
     4.73200      609.71967    
     4.74400      685.73435    
     4.75600      771.80455    
     4.76800      868.64122    
     4.78000      976.83910    
     4.79200      1096.8425    
     4.80400      1228.9148    
     4.81600      1373.1134    
     4.82800      1529.2735    
     4.84000      1697.0019    
     4.85200      1875.6820    
     4.86400      2064.4901    
     4.87600      2262.4228    
     4.88800      2468.3333    
     4.90000      2680.9737    
     4.91200      2899.0402    
     4.92400      3121.2172    
     4.93600      3346.2170    
     4.94800      3572.8114    
     4.96000      3799.8533    
     4.97200      4026.2863    
     4.98400      4251.1434    
     4.99600      4473.5355    
     5.00800      4692.6320    
     5.02000      4907.6375    
     5.03200      5117.7678    
     5.04400      5322.2292    
     5.05600      5520.2035    
     5.06800      5710.8424    
     5.08000      5893.2713    
     5.09200      6066.6017    
     5.10400      6229.9534    
     5.11600      6382.4807    
     5.12800      6523.4022    
     5.14000      6652.0299    
     5.15200      6767.7931    
     5.16400      6870.2579    
     5.17600      6959.1358    
     5.18800      7034.2856    
     5.20000      7095.7050    
     5.21200      7143.5153    
     5.22400      7177.9410    
     5.23600      7199.2863    
     5.24800      7207.9114    
     5.26000      7204.2111    
     5.27200      7188.5980    
     5.28400      7161.4899    
     5.29600      7123.3042    
     5.30800      7074.4570    
     5.32000      7015.3670    
     5.33200      6946.4622    
     5.34400      6868.1878    
     5.35600      6781.0144    
     5.36800      6685.4436    
     5.38000      6582.0113    
     5.39200      6471.2875    
     5.40400      6353.8725    
     5.41600      6230.3903    
     5.42800      6101.4793    
     5.44000      5967.7820    
     5.45200      5829.9344    
     5.46400      5688.5564    
     5.47600      5544.2431    
     5.48800      5397.5595    
     5.50000      5249.0363    
     5.51200      5099.1687    
     5.52400      4948.4175    
     5.53600      4797.2109    
     5.54800      4645.9481    
     5.56000      4495.0028    
     5.57200      4344.7260    
     5.58400      4195.4494    
     5.59600      4047.4866    
     5.60800      3901.1339    
     5.62000      3756.6703    
     5.63200      3614.3563    
     5.64400      3474.4326    
     5.65600      3337.1188    
     5.66800      3202.6116    
     5.68000      3071.0839    
     5.69200      2942.6845    
     5.70400      2817.5381    
     5.71600      2695.7461    
     5.72800      2577.3880    
     5.74000      2462.5232    
     5.75200      2351.1929    
     5.76400      2243.4221    
     5.77600      2139.2218    
     5.78800      2038.5908    
     5.80000      1941.5170    
     5.81200      1847.9790    
     5.82400      1757.9469    
     5.83600      1671.3830    
     5.84800      1588.2422    
     5.86000      1508.4726    
     5.87200      1432.0160    
     5.88400      1358.8078    
     5.89600      1288.7778    
     5.90800      1221.8508    
     5.92000      1157.9469    
     5.93200      1096.9822    
     5.94400      1038.8700    
     5.95600      983.52100    
     5.96800      930.84428    
     5.98000      880.74797    
     5.99200      833.13984    
     6.00400      787.92783    
     6.01600      745.02048    
     6.02800      704.32729    
     6.04000      665.75896    
     6.05200      629.22763    
     6.06400      594.64698    
     6.07600      561.93239    
     6.08800      531.00102    
     6.10000      501.77188    
     6.11200      474.16595    
     6.12400      448.10628    
     6.13600      423.51801    
     6.14800      400.32855    
     6.16000      378.46758    
     6.17200      357.86719    
     6.18400      338.46190    
     6.19600      320.18869    
     6.20800      302.98705    
     6.22000      286.79898    
     6.23200      271.56893    
     6.24400      257.24382    
     6.25600      243.77296    
     6.26800      231.10797    
     6.28000      219.20279    
     6.29200      208.01351    
     6.30400      197.49839    
     6.31600      187.61773    
     6.32800      178.33385    
     6.34000      169.61096    
     6.35200      161.41517    
     6.36400      153.71435    
     6.37600      146.47811    
     6.38800      139.67774    
     6.40000      133.28612    
     6.41200      127.27768    
     6.42400      121.62829    
     6.43600      116.31525    
     6.44800      111.31720    
     6.46000      106.61404    
     6.47200      102.18690    
     6.48400      98.018028    
     6.49600      94.090785    
     6.50800      90.389547    
     6.52000      86.899662    
     6.53200      83.607397    
     6.54400      80.499887    
     6.55600      77.565082    
     6.56800      74.791706    
     6.58000      72.169211    
     6.59200      69.687732    
     6.60400      67.338052    
     6.61600      65.111558    
     6.62800      63.000211    
     6.64000      60.996505    
     6.65200      59.093436    
     6.66400      57.284473    
     6.67600      55.563522    
     6.68800      53.924904    
     6.70000      52.363324    
     6.71200      50.873847    
     6.72400      49.451874    
     6.73600      48.093119    
     6.74800      46.793590    
     6.76000      45.549568    
     6.77200      44.357586    
     6.78400      43.214418    
     6.79600      42.117056    
     6.80800      41.062701    
     6.82000      40.048743    
     6.83200      39.072751    
     6.84400      38.132462    
     6.85600      37.225765    
     6.86800      36.350694    
     6.88000      35.505415    
     6.89200      34.688221    
     6.90400      33.897516    
     6.91600      33.131812    
     6.92800      32.389723    
     6.94000      31.669952    
     6.95200      30.971289    
     6.96400      30.292601    
     6.97600      29.632831    
     6.98800      28.990990    
     7.00000      28.366152    
     7.01200      27.757450    
     7.02400      27.164070    
     7.03600      26.585252    
     7.04800      26.020280    
     7.06000      25.468483    
     7.07200      24.929231    
     7.08400      24.401930    
     7.09600      23.886022    
     7.10800      23.380983    
     7.12000      22.886316    
     7.13200      22.401554    
     7.14400      21.926256    
     7.15600      21.460004    
     7.16800      21.002404    
     7.18000      20.553082    
     7.19200      20.111684    
     7.20400      19.677874    
     7.21600      19.251333    
     7.22800      18.831757    
     7.24000      18.418857    
     7.25200      18.012359    
     7.26400      17.612001    
     7.27600      17.217531    
     7.28800      16.828711    
     7.30000      16.445312    
     7.31200      16.067114    
     7.32400      15.693909    
     7.33600      15.325494    
     7.34800      14.961676    
     7.36000      14.602270    
     7.37200      14.247094    
     7.38400      13.895979    
     7.39600      13.548756    
     7.40800      13.205266    
     7.42000      12.865353    
     7.43200      12.528868    
     7.44400      12.195664    
     7.45600      11.865601    
     7.46800      11.538543    
     7.48000      11.214357    
     7.49200      10.892913    
     7.50400      10.574087    
     7.51600      10.257755    
     7.52800      9.9438002    
     7.54000      9.6321051    
     7.55200      9.3225563    
     7.56400      9.0150432    
     7.57600      8.7094571    
     7.58800      8.4056918    
     7.60000      8.1036433    
     7.61200      7.8032094    
     7.62400      7.5042898    
     7.63600      7.2067860    
     7.64800      6.9106010    
     7.66000      6.6156394    
     7.67200      6.3218073    
     7.68400      6.0290118    
     7.69600      5.7371616    
     7.70800      5.4461661    
     7.72000      5.1559360    
     7.73200      4.8663829    
     7.74400      4.5774191    
     7.75600      4.2889577    
     7.76800      4.0009127    
     7.78000      3.7131985    
     7.79200      3.4257301    
     7.80400      3.1384229    
     7.81600      2.8511928    
     7.82800      2.5639558    
     7.84000      2.2766284    
     7.85200      1.9891272    
     7.86400      1.7013688    
     7.87600      1.4132700    
     7.88800      1.1247475    
     7.90000     0.83571780    
     7.91200     0.54609746    
     7.92400     0.25580270    
     7.93600    -0.35250516E-01
     7.94800    -0.32714659    
     7.96000    -0.61997032    
     7.97200    -0.91380699    
     7.98400     -1.2087424    
     7.99600     -1.5048630    
     8.00800     -1.8022560    
     8.02000     -2.1010090    
     8.03200     -2.4012109    
     8.04400     -2.7029511    
     8.05600     -3.0063202    
     8.06800     -3.3114096    
     8.08000     -3.6183119    
     8.09200     -3.9271209    
     8.10400     -4.2379315    
     8.11600     -4.5508401    
     8.12800     -4.8659444    
     8.14000     -5.1833434    
     8.15200     -5.5031380    
     8.16400     -5.8254305    
     8.17600     -6.1503249    
     8.18800     -6.4779270    
     8.20000     -6.8083448    
     8.21200     -7.1416878    
     8.22400     -7.4780680    
     8.23600     -7.8175993    
     8.24800     -8.1603981    
     8.26000     -8.5065831    
     8.27200     -8.8562754    
     8.28400     -9.2095988    
     8.29600     -9.5666799    
     8.30800     -9.9276481    
     8.32000     -10.292636    
     8.33200     -10.661778    
     8.34400     -11.035214    
     8.35600     -11.413085    
     8.36800     -11.795537    
     8.38000     -12.182720    
     8.39200     -12.574785    
     8.40400     -12.971891    
     8.41600     -13.374199    
     8.42800     -13.781873    
     8.44000     -14.195084    
     8.45200     -14.614007    
     8.46400     -15.038821    
     8.47600     -15.469711    
     8.48800     -15.906867    
     8.50000     -16.350484    
     8.51200     -16.800763    
     8.52400     -17.257913    
     8.53600     -17.722146    
     8.54800     -18.193683    
     8.56000     -18.672751    
     8.57200     -19.159584    
     8.58400     -19.654424    
     8.59600     -20.157519    
     8.60800     -20.669128    
     8.62000     -21.189516    
     8.63200     -21.718959    
     8.64400     -22.257739    
     8.65600     -22.806152    
     8.66800     -23.364500    
     8.68000     -23.933097    
     8.69200     -24.512270    
     8.70400     -25.102354    
     8.71600     -25.703700    
     8.72800     -26.316667    
     8.74000     -26.941632    
     8.75200     -27.578982    
     8.76400     -28.229121    
     8.77600     -28.892466    
     8.78800     -29.569453    
     8.80000     -30.260531    
     8.81200     -30.966170    
     8.82400     -31.686856    
     8.83600     -32.423094    
     8.84800     -33.175412    
     8.86000     -33.944358    
     8.87200     -34.730500    
     8.88400     -35.534433    
     8.89600     -36.356775    
     8.90800     -37.198171    
     8.92000     -38.059293    
     8.93200     -38.940842    
     8.94400     -39.843548    
     8.95600     -40.768176    
     8.96800     -41.715524    
     8.98000     -42.686425    
     8.99200     -43.681750    
     9.00400     -44.702410    
