  0.396440502690391       0.953860243047595       -1.09428347095250     
   1.18932150807117       -1.09906235113251      -0.736883894466805     
   1.98220251345196      -0.525361229966352       0.972245556179183     
   2.77508351883274       0.769055556989789       0.371328170627409     
   3.56796452421352       0.280048910971452      -0.552271624932858     
   4.36084552959430      -0.361795835940190      -0.229521522106066     
   5.15372653497509      -0.195436996494651       0.211943305821500     
   5.94660754035587       0.102258735478051       0.162938562924394     
   6.73948854573665       0.126855706405432      -2.722844062041412E-002
   7.53236955111743       1.918245075647727E-002 -8.795896830008999E-002
   8.32525055649822      -4.957631738968545E-002 -4.243327857575045E-002
   9.11813156187900      -4.755531663635983E-002  1.552869684326755E-002
   9.91101256725978      -1.093828410778592E-002  3.943190431077711E-002
   10.7038935726406       2.288861726032072E-002  2.765504676109098E-002
   11.4967745780213       3.371667956833926E-002 -2.590724958965245E-003
   12.2896555834021       1.717472813039693E-002 -2.947874512178705E-002
   13.0825365887829      -1.641434779169613E-002 -3.275519249025331E-002
   13.8754175941637      -4.136873681439818E-002 -3.135573849233764E-003
   14.6682985995445      -2.628948869706532E-002  4.128176058173537E-002
   15.4611796049253       3.190919521635285E-002  4.999537095146991E-002
   16.2540606103060       7.139887200670447E-002 -1.383407776820549E-002
   17.0469416156868       1.125018702248302E-002 -8.815228030605232E-002
   17.8398226210676      -9.860191211638490E-002 -4.068363951873656E-002
   18.6327036264484      -7.110655418642768E-002  0.101816711187480     
   19.4255846318292       9.749412736736274E-002  9.889532867019872E-002
   20.2184656372100       0.120748269612162      -8.586624949009181E-002
   21.0113466425907      -6.772955461547409E-002 -0.134266791374494     
   21.8042276479715      -0.138299653254551       4.457944845949871E-002
   22.5971086533523       1.866608475954919E-002  0.132927784606847     
   23.3899896587331       0.119191808295045       7.203662664243105E-003
   24.1828706641139       3.010621301163274E-002 -9.877848553972243E-002
   24.9757516694946      -7.379828333095088E-002 -4.750715347056542E-002
   25.7686326748754      -5.765467736358258E-002  4.663937614288664E-002
   26.5615136802562       1.982115473833566E-002  5.978535374718399E-002
   27.3543946856370       5.415614864739007E-002  4.198634042949158E-003
   28.1472756910178       2.325457552367784E-002 -4.194708750957950E-002
   28.9401566963986      -2.507371258281969E-002 -3.570294367736450E-002
   29.7330377017793      -4.060741451560396E-002  5.938033368395969E-003
   30.5259187071601      -1.285728778926886E-002  3.784977674230260E-002
   31.3187997125409       2.814878687354229E-002  2.880569528130555E-002
   32.1116807179217       3.977689639600845E-002 -1.298403878353500E-002
   32.9045617233025       5.566397393567676E-003 -4.425330640709209E-002
   33.6974427286833      -4.149917561641230E-002 -2.505600449803235E-002
   34.4903237340640      -4.294156264591725E-002  3.164505004605610E-002
   35.2832047394448       1.567838605977072E-002  5.686621266882700E-002
   36.0760857448256       6.492250247091905E-002  4.659739384749135E-003
   36.8689667502064       2.706256421532815E-002 -6.586693615483682E-002
   37.6618477555872      -5.926383597878888E-002 -4.891192457988043E-002
   38.4547287609680      -6.757235214377336E-002  4.554475640011874E-002
   39.2476097663487       2.597837144123177E-002  8.069221148393478E-002
   40.0404907717295       8.647682771213749E-002 -2.553347113410799E-003
   40.8333717771103       2.221658246334055E-002 -8.390185794764085E-002
   41.6262527824911      -7.284364755157793E-002 -4.554905237136562E-002
   42.4191337878719      -6.468696699183447E-002  5.411433778016657E-002
   43.2120147932526       2.940003813479296E-002  7.719906419577460E-002
   44.0048957986334       8.125328648556905E-002 -1.109110967418628E-003
   44.7977768040142       2.785504286622083E-002 -7.583120374933819E-002
   45.5906578093950      -6.085842061442166E-002 -5.437573203632443E-002
   46.3835388147758      -7.543280084093751E-002  3.723544485232624E-002
   47.1764198201566       6.764251149566580E-003  8.841077930596397E-002
   47.9693008255373       9.137555168161809E-002  2.802326843899647E-002
   48.7621818309181       6.411811249527438E-002 -8.329328590340995E-002
   49.5550628362989      -6.417185482483073E-002 -9.834126020485015E-002
   50.3479438416797      -0.127668894436092       3.511254892211999E-002
   51.1408248470605      -1.734448442372680E-003  0.149532846081497     
   51.9337058524412       0.162052897668307       4.331635601624333E-002
   52.7265868578220       8.593394843033168E-002 -0.164169950271639     
   53.5194678632028      -0.155678460394307      -0.125612291300252     
   54.3123488685836      -0.158566197201366       0.137193981835114     
   55.1052298739644       0.110109151953645       0.181691101338445     
   55.8981108793452       0.192964543621275      -7.656164919561727E-002
   56.6909918847259      -3.937309601975104E-002 -0.191651368557186     
   57.4838728901067      -0.178282924821591       1.878807155159722E-003
   58.2767538954875      -3.239593906236637E-002  0.154474116695382     
   59.0696349008683       0.122678126816151       6.017055016366676E-002
   59.8625159062491       7.884822214339990E-002 -8.594178201749533E-002
   60.6553969116299      -4.766619916664266E-002 -8.685561160177911E-002
   61.4482779170106      -8.382783941083578E-002  1.135029043446677E-002
   62.2411589223914      -1.969348657068466E-002  7.063342640420367E-002
   63.0340399277722       4.926103703326060E-002  4.263538752564754E-002
   63.8269209331530       5.540248944576950E-002 -2.259778714821977E-002
   64.6198019385338       5.870643610618743E-003 -5.689262559142230E-002
   65.4126829439146      -4.709689520888027E-002 -3.240738273327980E-002
   66.2055639492953      -5.338702004635564E-002  2.711105218346901E-002
   66.9984449546761      -9.715063399665276E-004  6.564088666922849E-002
   67.7913259600569       6.675533505456940E-002  3.428092815998683E-002
   68.5842069654377       6.949148871093558E-002 -5.530190421937212E-002
   69.3770879708185      -3.099309341150630E-002 -0.103214984938336     
   70.1699689761992      -0.132422089903743      -5.223918946471867E-003
   70.9628499815800      -5.111222767789232E-002  0.154816083291579     
   71.7557309869608       0.169045423293167       0.103126273006297     
   72.5486119923416       0.156502189899506      -0.174635185248044     
   73.3414929977224      -0.171615684549868      -0.205631095287262     
   74.1343740031032      -0.244882063604893       0.160055137189088     
   74.9272550084840       0.139900825162824       0.269783898130144     
   75.7201360138647       0.278076078620881      -0.111400597406187     
   76.5130170192455      -7.587132673018410E-002 -0.270030104559862     
   77.3058980246263      -0.247887815587386       3.617434906518907E-002
   78.0987790300071      -3.560980493924476E-003  0.214880689673935     
   78.8916600353879       0.174455886389832       3.883257519658879E-002
   79.6845410407687       6.576411352297853E-002 -0.129968402385801     
   80.4774220461494      -8.467930589233179E-002 -8.178764854017528E-002
   81.2703030515302      -8.590596369397845E-002  4.178232712545759E-002
   82.0631840569110       4.306647572471907E-003  7.864037652790139E-002
   82.8560650622918       6.180366464112591E-002  2.510166028263733E-002
   83.6489460676726       4.444323824261321E-002 -3.818843723790130E-002
   84.4418270730533      -1.121398192593025E-002 -5.259508835362365E-002
   85.2347080784341      -4.945284768731136E-002 -1.544556597251985E-002
   86.0275890838149      -3.823068222659110E-002  3.595932268826071E-002
   86.8204700891957       1.401354956580354E-002  5.403920019242102E-002
   87.6133510945765       6.051736725069449E-002  1.373047348870603E-002
   88.4062320999573       4.415467413262199E-002 -5.627893871715062E-002
   89.1991131053380      -4.104175170347647E-002 -7.402592247483035E-002
   89.9919941107188      -0.100359011767295       1.568272326860180E-002
   90.7848751160996      -1.778218370932091E-002  0.120733848408686     
   91.5777561214804       0.133495479715011       5.629833160556404E-002
   92.3706371268612       9.599204914173379E-002 -0.137780088950686     
   93.1635181322419      -0.133378548248422      -0.132577380666412     
   93.9563991376227      -0.161978294863183       0.120559632253962     
   94.7492801430035       0.100032208565512       0.181050254857821     
   95.5421611483843       0.188129740480499      -7.311666185932442E-002
   96.3350421537651      -4.196532482265062E-002 -0.183163100272975     
   97.1279231591459      -0.167412566367345       9.553005580388671E-003
   97.9208041645266      -2.069528129772476E-002  0.142986430540554     
   98.7136851699074       0.112456022730295       4.550752408844083E-002
   99.5065661752882       6.234205861940867E-002 -7.864052118582518E-002
   100.299447180669      -4.447801689747808E-002 -6.975940838636728E-002
   101.092328186050      -6.755310507688991E-002  1.287653663311002E-002
   101.885209191431      -1.349598757221118E-002  5.669027746981171E-002
   102.678090196811       3.912607910979616E-002  3.245849445379959E-002
   103.470971202192       4.254924206977171E-002 -1.753852211839455E-002
   104.263852207573       4.984961730618722E-003 -4.319678731259500E-002
   105.056733212954      -3.479852033471913E-002 -2.528281664955360E-002
   105.849614218334      -4.044918977578604E-002  1.869300229948829E-002
   106.642495223715      -2.972990745396151E-003  4.812996201100523E-002
   107.435376229096       4.675878145773249E-002  2.747003596137460E-002
   108.228257234477       5.178214624193489E-002 -3.571316497793918E-002
   109.021138239858      -1.538072212455280E-002 -7.294340662757950E-002
   109.814019245238      -8.837767972503793E-002 -1.286265843452081E-002
   110.606900250619      -4.675151713674958E-002  9.619588680477653E-002
   111.399781256000       9.539938093502034E-002  8.329505054429708E-002
   112.192662261381       0.119008655300278      -8.594361222374039E-002
   112.985543266762      -6.864795593767793E-002 -0.150232651078879     
   113.778424272142      -0.173553572334878       4.499648459436015E-002
   114.571305277523       1.692633006403364E-002  0.186290735941166     
   115.364186282904       0.186930838059365       1.331135108234323E-002
   116.157067288285       4.322044386298194E-002 -0.175362116205267     
   116.949948293665      -0.152831810337345      -7.015105559388687E-002
   117.742829299046      -9.150386327673081E-002  0.121678625927035     
   118.535710304427       8.496770971487437E-002  0.105047907926313     
   119.328591309808       0.109262311156341      -4.613319449454526E-002
   120.121472315189      -8.664107774557082E-003 -0.103594591306005     
   120.914353320569      -8.857209592611041E-002 -2.417640757859152E-002
   121.707234325950      -4.961102073526634E-002  6.575784212122865E-002
   122.500115331331       3.757580530458123E-002  6.558071939926288E-002
   123.292996336712       7.092767612443444E-002 -7.042390576809857E-003
   124.085877342092       2.255830174124756E-002 -6.550309137749877E-002
   124.878758347473      -5.018151915225558E-002 -4.801953929862589E-002
   125.671639352854      -6.654347631477955E-002  2.677487297838435E-002
   126.464520358235      -2.148040550723816E-003  7.602816516273125E-002
   127.257401363616       7.528386630656538E-002  3.351905473515058E-002
   128.050282368996       6.407840474596538E-002 -6.415926023626467E-002
   128.843163374377      -4.356629515486117E-002 -9.069931613643441E-002
   129.636044379758      -0.110693228495998       1.540066442630707E-002
   130.428925385139      -1.763765543568359E-002  0.122061724485548     
   131.221806390520       0.123669709227320       5.231242635861617E-002
   132.014687395900       8.518775974974371E-002 -0.115328490580905     
   132.807568401281      -9.779274762378083E-002 -0.113000859201230     
   133.600449406662      -0.133023895658191       7.268422382598998E-002
   134.393330412043       4.235218833791303E-002  0.143360152187026     
   135.186211417423       0.143128889465979      -9.671261298954608E-003
   135.979092422804       2.222504560251939E-002 -0.132520347633172     
   136.771973428185      -0.112732547473601      -5.026268745020668E-002
   137.564854433566      -7.176193083907176E-002  8.581780667012576E-002
   138.357735438947       5.446547051057436E-002  8.473852918012320E-002
   139.150616444327       8.812463280521989E-002 -2.173924702944914E-002
   139.943497449708       9.215426646852973E-003 -8.188022079337730E-002
   140.736378455089      -6.698610064708144E-002 -3.547411107708237E-002
   141.529259460470      -5.461975367954623E-002  4.532549953526077E-002
   142.322140465850       1.947195394430936E-002  6.498326129863843E-002
   143.115021471231       6.581132548121560E-002  7.591657441871937E-003
   143.907902476612       3.279316238944512E-002 -5.734187019810310E-002
   144.700783481993      -4.077764850527320E-002 -5.329758404720519E-002
   145.493664487374      -6.680709156565269E-002  1.815972133232371E-002
   146.286545492754      -7.846630386613429E-003  7.180402209392675E-002
   147.079426498135       6.771211100650666E-002  3.423171387123009E-002
   147.872307503516       5.795822917262451E-002 -5.495913052188152E-002
   148.665188508897      -3.493400822089957E-002 -7.628252810328917E-002
   149.458069514277      -8.704735187049883E-002  9.842236730926237E-003
   150.250950519658      -1.752606214893363E-002  8.891598143647252E-002
   151.043831525039       8.152357999066101E-002  4.409179443628057E-002
   151.836712530420       6.681575328313238E-002 -6.552961129258927E-002
   152.629593535801      -4.256480053734607E-002 -8.302654663173821E-002
   153.422474541181      -9.071364635914325E-002  1.507641672552705E-002
   154.215355546562      -1.391404066372470E-002  8.875551622080849E-002
   155.008236551943       7.705969021106189E-002  4.111726372478390E-002
   155.801117557324       6.331580472242485E-002 -5.660056216178230E-002
   156.593998562705      -2.935054913600139E-002 -7.770192778448905E-002
   157.386879568085      -8.217826816368759E-002 -1.889523363066338E-003
   158.179760573466      -3.374516981457083E-002  7.558948702482947E-002
   158.972641578847       5.785989303613163E-002  6.258393369143694E-002
   159.765522584228       8.486158136075955E-002 -3.002104306905971E-002
   160.558403589608       5.876331604832002E-003 -9.746547014249210E-002
   161.351284594989      -9.802299296046396E-002 -4.696088135684131E-002
   162.144165600370      -8.983353448025677E-002  8.514868254943253E-002
   162.937046605751       5.861320287519164E-002  0.130927310266417     
   163.729927611132       0.166894110058787      -1.942898557727844E-002
   164.522808616512       3.014419156138134E-002 -0.194964290197518     
   165.315689621893      -0.213212015970498      -8.667273058416258E-002
   166.108570627274      -0.145720710621545       0.220659782624422     
   166.901451632655       0.217189320688523       0.202168906976484     
   167.694332638036       0.250739943098276      -0.203305685477934     
   168.487213643416      -0.179898102798736      -0.286728030622579     
   169.280094648797      -0.306793226415567       0.148172781506876     
   170.072975654178       0.109823798065625       0.309548935170127     
   170.865856659559       0.295689246571342      -6.729917855976572E-002
   171.658737664939      -2.388463633186462E-002 -0.267615045983296     
   172.451618670320      -0.228777501078394      -1.658753546117557E-002
   173.244499675701      -5.035109481631357E-002  0.183051313756073     
   174.037380681082       0.134324283555624       7.439203828923821E-002
   174.830261686463       8.695575746653944E-002 -8.628971939332157E-002
   175.623142691843      -4.232067090511406E-002 -8.775848404300013E-002
   176.416023697224      -7.792599601091610E-002  5.325563466490456E-003
   177.208904702605      -2.243823664622583E-002  5.974652237376841E-002
   178.001785707986       3.632243608125694E-002  3.955753718639259E-002
   178.794666713366       4.561053320681172E-002 -1.117979925492494E-002
   179.587547718747       1.212530067040115E-002 -4.122714546767768E-002
   180.380428724128      -2.804283781999622E-002 -3.037360821268449E-002
   181.173309729509      -4.099553976562693E-002  8.546172490196879E-003
   181.966190734890      -1.416472247548355E-002  4.230517598601920E-002
   182.759071740270       3.363550328390354E-002  3.669190648741057E-002
   183.551952745651       5.568383274454539E-002 -1.536328791731663E-002
   184.344833751032       1.117637313102568E-002 -6.818761283659902E-002
   185.137714756413      -7.197926497796199E-002 -4.387075394727576E-002
   185.930595761794      -8.007256770154667E-002  6.584574269878117E-002
   186.723476767174       4.978811988918165E-002  0.116855727949223     
   187.516357772555       0.151229537271784      -2.510008107595114E-002
   188.309238777936       5.742485446170995E-003 -0.180282526665883     
   189.102119783317      -0.201290643090560      -3.943575516016247E-002
   189.895000788697      -7.242479360348822E-002  0.211892498394696     
   190.687881794078       0.210427437623729       0.101546497613993     
   191.480762799459       0.124489587284216      -0.196398879971082     
   192.273643804840      -0.170846701027649      -0.139897632140936     
   193.066524810221      -0.147168574227110       0.136370266156284     
   193.859405815601       9.671785407410211E-002  0.146190561579670     
   194.652286820982       0.137229762011397      -5.610425049472257E-002
   195.445167826363      -1.852461360586079E-002 -0.121000640755412     
   196.238048831744      -9.879260793702427E-002 -1.274867256435961E-002
   197.030929837124      -3.544651270480763E-002  7.250908005446412E-002
   197.823810842505       4.455479652642629E-002  4.841103083282716E-002
   198.616691847886       5.159085374551285E-002 -1.759191941897548E-002
   199.409572853267       5.773078298456628E-003 -4.595707432988548E-002
   200.202453858648      -3.335069617931945E-002 -2.330697556132007E-002
   200.995334864028      -3.342141572143800E-002  1.626656109771685E-002
   201.788215869409      -2.415427892220739E-003  3.536490558611467E-002
   202.581096874790       2.931589387258815E-002  1.973187883971150E-002
   203.373977880171       3.294328593345833E-002 -1.636972857624249E-002
   204.166858885551       1.576920206582585E-003 -3.981722971342636E-002
   204.959739890932      -3.885882336463242E-002 -2.203081914922047E-002
   205.752620896313      -4.217430497521563E-002  2.946511342535112E-002
   206.545501901694       1.198843386467928E-002  5.917631777506144E-002
   207.338382907075       7.050936807139135E-002  1.229624442394245E-002
   208.131263912455       4.131479213872211E-002 -7.423748808681607E-002
   208.924144917836      -6.924133934342544E-002 -7.239469345929539E-002
   209.717025923217      -0.102524340896414       5.535198873646868E-002
   210.509906928598       3.337556700457999E-002  0.128649729771500     
   211.302787933979       0.147985792059435      -5.006706772212072E-003
   212.095668939359       2.735409519532323E-002 -0.158316175088837     
   212.888549944740      -0.158250102446954      -6.085094943534972E-002
   213.681430950121      -9.245808444574453E-002  0.147401997409346     
   214.474311955502       0.126464018154569       0.119271129118347     
   215.267192960882       0.138781557251959      -9.715541466928525E-002
   216.060073966263      -6.205213676614099E-002 -0.149116256513663     
   216.852954971644      -0.149225091508097       2.431888828705874E-002
   217.645835977025      -1.262144341729296E-002  0.138998906165275     
   218.438716982406       0.119302231503132       4.544103981154266E-002
   219.231597987786       7.124446778577023E-002 -9.191110536622246E-002
   220.024478993167      -5.935646013372049E-002 -8.785660195323028E-002
   220.817359998548      -9.403468574370956E-002  2.468528813994655E-002
   221.610241003929      -8.837411175804357E-003  8.958595805133068E-002
   222.403122009309       7.538089011007604E-002  3.805512466619047E-002
   223.196003014690       6.024027265348046E-002 -5.326137001657547E-002
   223.988884020071      -2.585277682940094E-002 -7.337462570321288E-002
   224.781765025452      -7.635999730144775E-002 -3.701955442164994E-003
   225.574646030833      -3.206044248973224E-002  6.913687557281314E-002
   226.367527036213       5.269820074398972E-002  5.601988514083614E-002
   227.160408041594       7.284342747964456E-002 -2.899624075611467E-002
   227.953289046975      -7.514117048219998E-004 -8.054121178116568E-002
   228.746170052356      -7.807778294476837E-002 -2.881813141691962E-002
   229.539051057737      -5.631923238272539E-002  6.548465977118487E-002
   230.331932063117       4.386623712960649E-002  7.852653431874652E-002
   231.124813068498       9.271096106550294E-002 -1.529778895605896E-002
   231.917694073879       1.737485036108126E-002 -9.692083085356351E-002
   232.710575079260      -9.018719342339113E-002 -5.081443345578440E-002
   233.503456084640      -8.152277848866989E-002  7.263246098093593E-002
   234.296337090021       4.547098397880781E-002  0.106189812980851     
   235.089218095402       0.122026431342893      -1.090096090128947E-002
   235.882099100783       2.810209589902775E-002 -0.127047918971438     
   236.674980106164      -0.120279546875631      -6.807026522608406E-002
   237.467861111544      -0.105378528324372       0.101863656312418     
   238.260742116925       7.305735322259457E-002  0.136597369831459     
   239.053623122306       0.158827652908404      -3.612081145545983E-002
   239.846504127687       5.892984775756595E-003 -0.169984319300401     
   240.639385133067      -0.169000396537211      -4.942655855453465E-002
   241.432266138448      -9.075626768210049E-002  0.155930681621315     
   242.225147143829       0.131944605359052       0.126347847749965     
   243.018028149210       0.153194778206403      -9.920918013635364E-002
   243.810909154591      -6.067437671027619E-002 -0.169106616492848     
   244.603790159971      -0.172918853327164       1.978338668026373E-002
   245.396671165352      -1.986234516790034E-002  0.164602770470665     
   246.189552170733       0.145262939599495       5.484968164553460E-002
   246.982433176114       8.227845713890358E-002 -0.117021064675307     
   247.775314181495      -8.279708765045211E-002 -0.100034111424763     
   248.568195186875      -0.106983550305125       4.601028185712493E-002
   249.361076192256       1.023228258645807E-002  0.103076085478624     
   250.153957197637       8.933909408118412E-002  2.117116432885592E-002
   250.946838203018       4.537302361496580E-002 -6.776735891857993E-002
   251.739719208398      -4.111563822514220E-002 -6.035976733865646E-002
   252.532600213779      -6.512236510554088E-002  1.261457582448586E-002
   253.325481219160      -1.436120933045886E-002  5.974616428315196E-002
   254.118362224541       4.539194434965381E-002  3.663858834687683E-002
   254.911243229922       5.156921541877525E-002 -2.417065259629341E-002
   255.704124235302       1.075536667708594E-003 -5.729736173759003E-002
   256.497005240683      -5.294483839353651E-002 -2.706413849296296E-002
   257.289886246064      -5.040661017110126E-002  3.869406362206174E-002
   258.082767251445       1.576068009741521E-002  6.795335074065995E-002
   258.875648256826       7.711640818665598E-002  1.374154224551479E-002
   259.668529262206       4.702929396929672E-002 -7.613993087071708E-002
   260.461410267587      -6.429437503834463E-002 -8.094667692683626E-002
   261.254291272968      -0.112295891710938       4.197793192960204E-002
   262.047172278349       1.071542549789396E-002  0.138160341797520     
   262.840053283729       0.156177662982241       2.695096262674630E-002
   263.632934289110       6.768316305367722E-002 -0.164728617035591     
   264.425815294491      -0.163028789919844      -0.107680784828178     
   265.218696299872      -0.143110755708246       0.151139636114536     
   266.011577305253       0.129937831462314       0.170583744880765     
   266.804458310633       0.187589003851417      -0.101075830207590     
   267.597339316014      -6.692672900845305E-002 -0.192785570030569     
   268.390220321395      -0.186086185134409       3.046178750047165E-002
   269.183101326776      -4.994815047109774E-003  0.168547909024135     
   269.975982332156       0.142147323648046       3.613654257843269E-002
   270.768863337537       6.010164418584840E-002 -0.109524198655033     
   271.561744342918      -7.373434072784119E-002 -7.485392133367805E-002
   272.354625348299      -7.943534686128784E-002  3.800714002038394E-002
   273.147506353680       5.490388615267877E-003  7.405826595918347E-002
   273.940387359060       6.004684109656765E-002  2.101874418223360E-002
   274.733268364441       3.933501137885989E-002 -3.965738957531464E-002
   275.526149369822      -1.581139597564413E-002 -4.810494431881923E-002
   276.319030375203      -4.695287079140317E-002 -8.226032905447643E-003
   277.111911380583      -2.919008955064040E-002  3.653064753370771E-002
   277.904792385964       1.846176312562628E-002  4.415026481064942E-002
   278.697673391345       5.080305492256715E-002  4.816658650263522E-003
   279.490554396726       3.029941459190465E-002 -4.769549791114391E-002
   280.283435402107      -3.435838711325864E-002 -5.472341455873404E-002
   281.076316407487      -7.491410632042947E-002  1.133799646069765E-002
   281.869197412868      -1.987201622400509E-002  8.813675131933432E-002
   282.662078418249       9.241924184000175E-002  5.698232665268171E-002
   283.454959423630       9.711378540750353E-002 -8.680984376448295E-002
   284.247840429011      -7.152701020597432E-002 -0.137022018540796     
   285.040721434391      -0.173315818368621       4.795317548479160E-002
   285.833602439772       1.843446787853291E-002  0.202675424831673     
   286.626483445153       0.222114310045481       1.410647039985275E-002
   287.419364450534       4.665536078386251E-002 -0.229332324807198     
   288.212245455914      -0.223141347206956      -7.652712242987907E-002
   289.005126461295      -0.101576594050164       0.203830180036740     
   289.798007466676       0.173275581738558       0.120183770311656     
   290.590888472057       0.131151028040100      -0.134690116100599     
   291.383769477438      -9.208032423283506E-002 -0.133684537134592     
   292.176650482818      -0.127519652899268       4.961809050810657E-002
   292.969531488199       1.111009037625907E-002  0.113107328357661     
   293.762412493580       9.172819655541245E-002  2.036166301111704E-002
   294.555293498961       4.264906693245758E-002 -6.545217386788783E-002
   295.348174504342      -3.694214392550364E-002 -5.464326579255431E-002
   296.141055509722      -5.630304041979192E-002  9.151619910260141E-003
   296.933936515103      -1.502091611447365E-002  4.860992721799801E-002
   297.726817520484       3.344562592839107E-002  3.306660765522178E-002
   298.519698525865       4.314875083668385E-002 -1.339270137578244E-002
   299.312579531245       8.529486966186347E-003 -4.430440110702480E-002
   300.105460536626      -3.654682371459209E-002 -2.917141965025479E-002
   300.898341542007      -4.557363053370839E-002  2.086076392967955E-002
   301.691222547388      -9.071333017317065E-004  5.526901346392005E-002
   302.484103552769       5.653734613701626E-002  2.625015156559631E-002
   303.276984558149       5.227342742531454E-002 -4.858720596317631E-002
   304.069865563530      -3.164784786175442E-002 -7.600580696246986E-002
   304.862746568911      -9.471601161551246E-002  6.961859789291577E-003
   305.655627574292      -2.332301118276974E-002  0.106196053887649     
   306.448508579672       0.108979340270644       5.635814859521057E-002
   307.241389585053       8.888317168048576E-002 -0.102472574671729     
   308.034270590434      -8.699748551283823E-002 -0.117578287819786     
   308.827151595815      -0.139442578598406       6.375352402515978E-002
   309.620032601196       3.471699540857368E-002  0.152144836198131     
   310.412913606576       0.154289469966620      -2.483451320711954E-003
   311.205794611957       2.995068280902756E-002 -0.145557120366680     
   311.998675617338      -0.126711880724743      -5.946870602152001E-002
   312.791556622719      -8.315821901288725E-002  9.949538251197783E-002
   313.584437628099       6.643812583291032E-002  9.863819026540620E-002
   314.377318633480       0.104337328409752      -3.061318114101215E-002
   315.170199638861       4.649987198505234E-003 -9.968121567561579E-002
   315.963080644242      -8.516465180080436E-002 -3.607438376731867E-002
   316.755961649623      -6.074451841253933E-002  6.230483912759283E-002
   317.548842655003       3.348552889850592E-002  7.638768368720744E-002
   318.341723660384       8.159839227390178E-002 -1.712131188042145E-003
   319.134604665765       2.969539168325377E-002 -7.598102455656577E-002
   319.927485671146      -6.019398621862194E-002 -5.744045224610776E-002
   320.720366676527      -7.858494398027265E-002  3.588926058179537E-002
   321.513247681907       5.552515221338067E-003  9.084837309661195E-002
   322.306128687288       9.284129949268764E-002  2.774047654898574E-002
   323.099009692669       6.062654560922169E-002 -8.420959455417651E-002
   323.891890698050      -6.567453161676366E-002 -8.978635647871182E-002
   324.684771703430      -0.112270878675916       3.896380155284371E-002
   325.477652708811       6.639389099381641E-003  0.125790804787209     
   326.270533714192       0.128940962680250       2.816100070204489E-002
   327.063414719573       6.204262265436869E-002 -0.121338620575574     
   327.856295724954      -0.103662783411542      -9.169887632932019E-002
   328.649176730334      -0.114245997192843       7.759018362545342E-002
   329.442057735715       4.563239659244187E-002  0.127511780786088     
   330.234938741096       0.130249177409081      -1.088757705062652E-002
   331.027819746477       2.327040976244106E-002 -0.122255097695831     
   331.820700751857      -0.104385204266538      -5.353443378692911E-002
   332.613581757238      -7.700194234243614E-002  7.846520857591083E-002
   333.406462762619       4.710788161978742E-002  9.147166864849765E-002
   334.199343768000       9.566738376657050E-002 -1.345294314278475E-002
   334.992224773381       1.914579463851598E-002 -8.936546877763776E-002
   335.785105778761      -7.341384656812487E-002 -4.745594253426545E-002
   336.577986784142      -6.869152199652247E-002  4.964122793042913E-002
   337.370867789523       2.066662160912494E-002  8.079456926789730E-002
   338.163748794904       8.264445253584876E-002  1.037117696948316E-002
   338.956629800285       4.013660019577475E-002 -7.417314317271735E-002
   339.749510805665      -5.637417029287976E-002 -6.544014607703491E-002
   340.542391811046      -8.356637232909682E-002  3.120375094720465E-002
   341.335272816427       1.383492442376011E-003  9.255383747283588E-002
   342.128153821808       9.139860583101472E-002  2.987597417927094E-002
   342.921034827188       5.920299485096528E-002 -8.016067008921882E-002
   343.713915832569      -5.996247557733858E-002 -8.341166281817797E-002
   344.506796837950      -9.983226460281797E-002  3.287957825584943E-002
   345.299677843331       1.734175189888790E-003  0.106591604211021     
   346.092558848712       0.102814248836570       3.018823069374130E-002
   346.885439854092       5.947124131750277E-002 -8.872372242621174E-002
   347.678320859473      -6.563293718486263E-002 -8.291631833999571E-002
   348.471201864854      -9.787324193115578E-002  3.582449907334222E-002
   349.264082870235       2.332668345376716E-003  0.102519048228800     
   350.056963875615       9.605698477700902E-002  3.135143630392056E-002
   350.849844880996       6.162221799047700E-002 -7.881477094560534E-002
   351.642725886377      -5.223140548241400E-002 -8.511567505632425E-002
   352.435606891758      -9.904383272051709E-002  1.873285099904335E-002
   353.228487897139      -1.849205693480407E-002  0.101474193876832     
   354.021368902519       9.152618635044718E-002  5.579434690849127E-002
   354.814249907900       8.941761998559770E-002 -6.946481217192500E-002
   355.607130913281      -3.668218822415601E-002 -0.115867457938987     
   356.400011918662      -0.132262910107204      -4.430430990343355E-003
   357.192892924042      -5.070524395531286E-002  0.136637064470304     
   357.985773929423       0.128157388489050       9.848880180513434E-002
   358.778654934804       0.143966467413842      -0.107240905225014     
   359.571535940185      -7.554355595784487E-002 -0.183483316163259     
   360.364416945566      -0.213831582567973       3.580899326097279E-002
   361.157297950946      -8.424749948191701E-003  0.232492164841031     
   361.950178956327       0.237837503806977       5.323489676843990E-002
   362.743059961708       9.477465045723257E-002 -0.229307989369197     
   363.535940967089      -0.207549774833313      -0.129689701599451     
   364.328821972470      -0.155405932390160       0.174460340677539     
   365.121702977850       0.133070663650297       0.170263013800778     
   365.914583983231       0.173537583386553      -8.723247256433536E-002
   366.707464988612      -4.115693704740242E-002 -0.165423440364525     
   367.500345993993      -0.147002031866393      -1.091308684915443E-003
   368.293226999373      -3.604139879210225E-002  0.120185708480349     
   369.086108004754       8.759520801857250E-002  6.114435624852016E-002
   369.878989010135       7.496695616228029E-002 -5.234998636390942E-002
   370.671870015516      -1.778252467670285E-002 -7.726013535534280E-002
   371.464751020897      -6.891607556273018E-002 -1.288764584265522E-002
   372.257632026277      -3.687553749580572E-002  5.182738353750659E-002
   373.050513031658       2.866323883113418E-002  5.210642697277177E-002
   373.843394037039       5.741350363449597E-002 -2.582146834255523E-003
   374.636275042420       2.309331007553367E-002 -5.263673773284514E-002
   375.429156047801      -3.861423981743656E-002 -4.521016139994567E-002
   376.222037053181      -6.109657470106810E-002  1.706919514006871E-002
   377.014918058562      -9.593265827310784E-003  6.882310911645820E-002
   377.807799063943       6.739100875185693E-002  3.855452874646230E-002
   378.600680069324       6.688270845377953E-002 -5.683160027963636E-002
   379.393561074704      -3.820652551866573E-002 -9.182524307804157E-002
   380.186442080085      -0.111055243705421       1.350117028309742E-002
   380.979323085466      -1.459499087818141E-002  0.122845381677362     
   381.772204090847       0.126168995327171       4.301851261034628E-002
   382.565085096228       6.874164065982154E-002 -0.120756353277204     
   383.357966101608      -0.107138300247099      -8.918558758312008E-002
   384.150847106989      -0.102532972783759       8.667164890882360E-002
   384.943728112370       6.148662419121383E-002  0.107865277445969     
   385.736609117751       0.105135038292739      -3.428824235802996E-002
   386.529490123131      -8.007603010264507E-003 -9.505181276531990E-002
   387.322371128512      -7.895667860658473E-002 -1.461657535412184E-002
   388.115252133893      -3.141493268697875E-002  5.870189037560908E-002
   388.908133139274       3.650693675037339E-002  4.104676683950653E-002
   389.701014144655       4.312086619177955E-002 -1.476374781297940E-002
   390.493895150035       4.206089828170910E-003 -3.819176308445026E-002
   391.286776155416      -2.765429151319062E-002 -1.841226697325973E-002
   392.079657160797      -2.643506811836993E-002  1.355753382112664E-002
   392.872538166178      -1.641537637817079E-003  2.760737298006669E-002
   393.665419171558       2.211424602344077E-002  1.536161713699006E-002
   394.458300176939       2.519065978524670E-002 -1.099722800011202E-002
   395.251181182320       3.937782506686699E-003 -2.915974933214591E-002
   396.044062187701      -2.596780260866274E-002 -2.029966261521009E-002
   396.836943193082      -3.536029140958277E-002  1.513132813043032E-002
   397.629824198462      -2.959646963569967E-003  4.634826749201063E-002
   398.422705203843       5.076243545941472E-002  2.708820406534174E-002
   399.215586209224       5.535447243297235E-002 -4.668087968910691E-002
   400.008467214605      -3.304325876334226E-002 -8.539325248618276E-002
   400.801348219986      -0.114620789318749       9.881283001803073E-003
   401.594229225366      -2.154354221126557E-002  0.140452467403695     
   402.387110230747       0.160446872898856       5.876140784867966E-002
   403.179991236128       9.834866229357453E-002 -0.172389128571944     
   403.972872241509      -0.174404339214339      -0.136430946433877     
   404.765753246890      -0.169319459593230       0.165210581113058     
   405.558634252270       0.144512834185743       0.194051366826435     
   406.351515257651       0.208642016537872      -0.113365985297980     
   407.144396263032      -7.426996804813286E-002 -0.212048269097553     
   407.937277268413      -0.204017783593671       3.089073041247872E-002
   408.730158273793      -1.249197747540272E-002  0.185001981426621     
   409.523039279174       0.156175465115691       5.160569112237060E-002
   410.315920284555       8.271464318853670E-002 -0.119483252122018     
   411.108801289936      -7.761514742938323E-002 -0.102997038902344     
   411.901682295317      -0.110776864050676       3.385645101592487E-002
   412.694563300697      -8.177049625441407E-003  0.105633245859625     
   413.487444306078       8.840180369538511E-002  4.487754772937923E-002
   414.280325311459       7.300521978893974E-002 -6.107375078872017E-002
   415.073206316840      -2.659843830089229E-002 -9.002168403933818E-002
   415.866087322220      -9.435779169065887E-002 -1.139827175721892E-002
   416.658968327601      -4.895840044161275E-002  8.558720182078625E-002
   417.451849332982       6.448853361251233E-002  8.216964281698336E-002
   418.244730338363       0.107542042661559      -3.299071801756674E-002
   419.037611343744       5.992126232187353E-003 -0.122347370205183     
   419.830492349124      -0.124886929102558      -4.881946712124167E-002
   420.623373354505      -9.145195389612884E-002  0.114658998661032     
   421.416254359886       9.240635014779486E-002  0.129818434307219     
   422.209135365267       0.160191678701932      -6.003742660482251E-002
   423.002016370648      -2.043098397087432E-002 -0.179542284196381     
   423.794897376028      -0.185839657194967      -2.284996920068476E-002
   424.587778381409      -6.589861365869842E-002  0.178267510094027     
   425.380659386790       0.157322927017269       0.104822048900305     
   426.173540392171       0.136086557140266      -0.124778375070333     
   426.966421397551      -8.350609211160204E-002 -0.156828797475555     
   427.759302402932      -0.165113816273878       3.718731277087542E-002
   428.552183408313      -1.005485193145870E-002  0.160118375716727     
   429.345064413694       0.142217466746164       5.405490576344357E-002
   430.137945419075       9.099607101605184E-002 -0.112958266863501     
   430.930826424455      -7.491875417840919E-002 -0.117758408495333     
   431.723707429836      -0.132195427203898       3.146327381125497E-002
   432.516588435217      -1.357972832377578E-002  0.133316763209139     
   433.309469440598       0.121361862471312       5.628397242820198E-002
   434.102350445978       9.299781292092335E-002 -9.775871015584267E-002
   434.895231451359      -6.497194362045511E-002 -0.120685412517642     
   435.688112456740      -0.137203202394749       2.625501565979721E-002
   436.480993462121      -1.466975807840738E-002  0.141485490888751     
   437.273874467502       0.133622797108081       5.397238843979230E-002
   438.066755472882       8.808252517693441E-002 -0.114827559300231     
   438.859636478263      -8.729302937345955E-002 -0.114026845430877     
   439.652517483644      -0.129703156602848       5.396120227076105E-002
   440.445398489025       1.822366021647044E-002  0.134064178541131     
   441.238279494405       0.127193460326519       1.641521366328289E-002
   442.031160499786       4.668022886127065E-002 -0.110267463646513     
   442.824041505167      -8.540998210232505E-002 -6.983987020553051E-002
   443.616922510548      -8.396303827623751E-002  5.545615054788006E-002
   444.409803515929       2.365201551518637E-002  8.809315103865087E-002
   445.202684521309       8.232271961565688E-002  6.678793922372972E-003
   445.995565526690       3.246756626978059E-002 -6.776159095305181E-002
   446.788446532071      -4.640312763459647E-002 -5.119948171122406E-002
   447.581327537452      -6.115027827861932E-002  2.090329699334463E-002
   448.374208542832      -5.703398451535075E-003  6.153822529337490E-002
   449.167089548213       5.257740771954710E-002  3.032107265850898E-002
   449.959970553594       5.010992579580841E-002 -3.542804773403809E-002
   450.752851558975      -1.204982275909915E-002 -6.277225397881431E-002
   451.545732564356      -6.677971708249020E-002 -1.502597897579972E-002
   452.338613569736      -4.298079149505719E-002  6.152201171974502E-002
   453.131494575117       4.736627871824981E-002  6.901755869580915E-002
   453.924375580498       9.065646250298756E-002 -2.562544523996299E-002
   454.717256585879       1.560622493470450E-003 -0.105977808651765     
   455.510137591260      -0.113776838302610      -3.142701618763553E-002
   456.303018596640      -6.086749852799364E-002  0.113612191023894     
   457.095899602021       0.105760997221263       8.679450911579663E-002
   457.888780607402       0.106544752886321      -9.112675404428078E-002
   458.681661612783      -7.115275124663009E-002 -0.118255572739287     
   459.474542618163      -0.121108297910375       4.775401715170847E-002
   460.267423623544       2.321979487287488E-002  0.115364746870874     
   461.060304628925       0.102209653591094      -1.903032123864307E-005
   461.853185634306       1.950506858360348E-002 -8.348940999103614E-002
   462.646066639687      -6.144375120255169E-002 -3.348377122980054E-002
   463.438947645067      -4.081075810682063E-002  3.847239028854515E-002
   464.231828650448       1.692558663199600E-002  4.129473206975143E-002
   465.024709655829       3.565917011396397E-002  1.103412205736103E-003
   465.817590661210       1.398516713114708E-002 -2.541277002282588E-002
   466.610471666591      -1.262804111112018E-002 -2.073806816135620E-002
   467.403352671971      -2.115911318076255E-002 -3.360219164868523E-004
   468.196233677352      -1.113538375613941E-002  1.587664032034847E-002
   468.989114682733       6.312824591863763E-003  1.773688830090783E-002
   469.781995688114       1.868015130846046E-002  5.442353777819623E-003
   470.574876693494       1.683141431317782E-002 -1.327906322954847E-002
   471.367757698875      -1.740508368790750E-003 -2.507940759179809E-002
   472.160638704256      -2.746164104107378E-002 -1.481699564707999E-002
   472.953519709637      -3.445776247213880E-002  2.155359940010088E-002
   473.746400715018       5.431301515234055E-003  5.464852399258872E-002
   474.539281720398       7.261761538987790E-002  2.219166057223967E-002
   475.332162725779       6.186122404230199E-002 -8.586462927971544E-002
   476.125043731160      -9.279078729301463E-002 -0.113214826908162     
   476.917924736541      -0.174594761879484       9.329359537429727E-002
   477.710805741921       8.895740606553183E-002  0.242379936119785     
   478.503686747302       0.310348656507344      -8.236791635115552E-002
   479.296567752683      -7.547104804933098E-002 -0.369888492493242     
   480.089448758064      -0.411818818927416       6.786155460413087E-002
   480.882329763445       5.654037192686484E-002  0.429433395564738     
   481.675210768825       0.420930710964858      -3.782245328964634E-002
   482.468091774206      -1.012922316840474E-002 -0.389492051430817     
   483.260972779587      -0.341162857358774      -2.448285556665164E-002
   484.053853784968      -6.097910642059337E-002  0.282328622133096     
   484.846734790349       0.218322347010914       9.331443045807863E-002
   485.639615795729       0.116297825954886      -0.153330599390421     
   486.432496801110      -9.088142245924251E-002 -0.126616255949128     
   487.225377806491      -0.123069830178866       3.424489019047926E-002
   488.018258811872      -1.349310872867552E-002  0.106367358171414     
   488.811139817252       7.875762466339593E-002  4.961631626668186E-002
   489.604020822633       7.206797224072409E-002 -4.361983206273988E-002
   490.396901828014      -5.045391299218282E-003 -7.971963356646955E-002
   491.189782833395      -7.254602504629298E-002 -3.258367611835455E-002
   491.982663838776      -6.501121669936033E-002  5.167342232893928E-002
   492.775544844156       1.929518467016810E-002  8.850121637324095E-002
   493.568425849537       0.100188898828168       2.153359855863158E-002
   494.361306854918       6.719399262746778E-002 -9.836956774033002E-002
   495.154187860299      -8.270960744280112E-002 -0.113847689935367     
   495.947068865680      -0.157764937548225       5.436102479545824E-002
   496.739949871060       1.594313980760761E-002  0.195567268445305     
   497.532830876441       0.224345239372587       2.867248641340876E-002
   498.325711881822       7.483898274660039E-002 -0.241690571333747     
   499.118592887203      -0.245776688955777      -0.117856648991088     
   499.911473892583      -0.153758651534696       0.235627413621476     
   500.704354897964       0.211551228146347       0.179854765103571     
   501.497235903345       0.194820597413754      -0.175488509872421     
   502.290116908726      -0.130965955976164      -0.198409105897952     
   503.082997914107      -0.191085691663671       8.257457350166403E-002
   503.875878919487       3.518029313943230E-002  0.173839012268171     
   504.668759924868       0.148189508294490       6.823643659549371E-003
   505.461640930249       4.003130488007429E-002 -0.116249391919845     
   506.254521935630      -8.068777550090818E-002 -6.228272990601445E-002
   507.047402941010      -7.273078992402489E-002  4.454963862337531E-002
   507.840283946391       1.096215691725799E-002  7.178206594960634E-002
   508.633164951772       6.094858799643389E-002  1.720365989278628E-002
   509.426045957153       3.765110670014573E-002 -4.262678649826441E-002
   510.218926962534      -1.981608649070416E-002 -4.890801211041802E-002
   511.011807967914      -5.047959264615630E-002 -4.204717348301829E-003
   511.804688973295      -2.621775200167867E-002  4.289006371661022E-002
   512.597569978676       2.761238728433889E-002  4.339276136696518E-002
   513.390450984057       5.356937114709601E-002 -6.897087881656413E-003
   514.183331989437       1.647907087336777E-002 -5.546750554701198E-002
   514.976212994818      -4.880512991580098E-002 -3.951614900018266E-002
   515.769094000199      -5.931288329048744E-002  3.431127002589542E-002
   516.561975005580       1.363236116549067E-002  7.337358968606612E-002
