  4.162181141776232E-009
 -5.427675881810078E-009
 -1.053692139440985E-008
  -3.08176630292618     
 -6.037351706586759E-010
   14.7637361597377     
 -2.740522003583338E-009
   11.5996048242744     
  -13.1768205850658     
 -1.116181254525537E-009
   9.92299961867755     
  1.131421028461138E-011
   8.30486029686090     
  2.426732102065747E-011
 -9.339787745014323E-011
  -9.48318693390476     
 -1.342624653932917E-010
   3.98841819133125     
  -5.44679118961715     
  1.228807338457319E-010
  -3.96990885039918     
   6.25626665178645     
   7.75694432797637     
  -12.1272459204963     
  -1.64565720713386     
 -0.285135645305027     
   1.68441701879306     
 -1.163480168635300E-010
   2.31617801437802     
   3.95424575313971     
  -10.8305631646774     
  -6.25960210882425     
   2.99504263766587     
 -0.423749570467797     
 -2.654322549548253E-012
 -0.171311364040127     
 -0.871174836416457     
 -0.205723598962533     
  0.331556525107084     
