[[-1.37551908  1.92784583  2.74778547]
 [-2.10743928 -2.35362089  2.77441927]
 [-3.17457144  0.03435033  2.8400738 ]
 [ 0.46471457 -2.80307103  2.81345859]
 [ 2.18695153 -0.9142811   2.8020786 ]
 [ 4.98505859 -1.32330581  2.8405776 ]
 [ 1.27529553  1.69622399  2.82019514]
 [ 2.62141281  3.58568982  2.88390987]
 [-5.45693654  0.40687512  2.93899627]
 [ 0.99771985 -4.77529801  2.84045344]
 [-2.0585457   3.71474219  2.8057061 ]
 [-3.35693589 -3.78986695  2.86269164]
 [ 5.43425441 -3.3308126   2.8255    ]
 [ 5.81532749 -0.46701548  4.51670802]
 [ 5.86172784 -0.43328156  1.20602055]]