[[[-1.37551908  1.92784583  2.74778547]
  [-2.10743928 -2.35362089  2.77441927]
  [-3.17457144  0.03435033  2.8400738 ]
  ...
  [ 5.43425441 -3.3308126   2.8255    ]
  [ 5.81532749 -0.46701548  4.51670802]
  [ 5.86172784 -0.43328156  1.20602055]]

 [[-1.37632587  1.92803151  2.74779394]
  [-2.10706202 -2.35311481  2.77438283]
  [-3.17409778  0.03497457  2.84004991]
  ...
  [ 5.4341846  -3.33227394  2.82557958]
  [ 5.81526134 -0.46847089  4.51654617]
  [ 5.86166467 -0.43481007  1.20622936]]

 [[-1.3747098   1.92765849  2.74777702]
  [-2.10781678 -2.35412898  2.77445575]
  [-3.17504348  0.03372507  2.84009768]
  ...
  [ 5.4343207  -3.32934857  2.82542043]
  [ 5.81539058 -0.46555755  4.51686987]
  [ 5.86178799 -0.43175044  1.2058119 ]]

 ...

 [[-1.35793493  1.93999129  2.74784377]
  [-2.13058189 -2.33419848  2.77450658]
  [-3.17487791  0.06348725  2.84020541]
  ...
  [ 5.39632706 -3.38878177  2.82522488]
  [ 5.81103675 -0.52989662  4.51658331]
  [ 5.85761427 -0.49669193  1.20554997]]

 [[-1.37508305  1.9279554   2.74198664]
  [-2.10729566 -2.35348517  2.76254681]
  [-3.17451812  0.03447674  2.82708257]
  ...
  [ 5.43384943 -3.33111789  2.860952  ]
  [ 5.8011265  -0.46691331  4.55399256]
  [ 5.87491796 -0.43401429  1.24379472]]

 [[-1.37551908  1.92784583  2.74778547]
  [-2.10743928 -2.35362089  2.77441927]
  [-3.17457144  0.03435033  2.8400738 ]
  ...
  [ 5.43425441 -3.3308126   2.8255    ]
  [ 5.81532749 -0.46701548  4.51670802]
  [ 5.86172784 -0.43328156  1.20602055]]]