 3.22885625E-02  1.65726869E-02 -5.73376203E-02  6.78587351E-02
 1.10204392E+00  9.04775257E-01  6.42231500E-03  1.42588930E+00
-6.84200699E-01 -3.17345496E-01 -2.24508108E-02  7.54548076E-01
 4.29692336E-02  4.33166232E-02  1.69468799E-02  6.33236261E-02
-3.44878604E-02 -2.76804473E-03 -4.50611252E-02  5.68117910E-02
 1.28270841E-02 -2.96338039E-02 -2.09669196E-02  3.85007551E-02
-3.56437704E-02 -2.52978073E-02 -2.97776082E-02  5.28882158E-02
-4.05454363E-01 -5.32386999E-02  3.61258450E-03  4.08950670E-01
 6.95029042E-01  2.05073903E-01 -3.18732911E-03  7.24659115E-01
-8.62629058E-01 -1.63407232E-01  5.94160208E-03  8.77989817E-01
 7.15815988E-02 -9.91142509E-03 -1.12277630E-02  7.31315547E-02
-9.89387801E-02 -5.43457230E-03  4.54496807E-03  9.91921041E-02
-1.43873072E-01 -4.43659116E-02  1.83457830E-02  1.51671892E-01
 2.25664806E-01  6.31760820E-02 -2.09513405E-02  2.35275967E-01
 9.20356648E-01 -1.00677248E-01  2.21231573E-03  9.25849427E-01