[-452.68349697 -452.68274925 -452.68420891 -452.68373199 -452.68323176
 -452.68349734 -452.68346056 -452.68391233 -452.68305145 -452.68333221
 -452.68362376 -452.68347635 -452.68348514 -452.68340875 -452.68354806
 -452.6833903  -452.68357267 -452.68348128 -452.68348123 -452.68354466
 -452.68340697 -452.68361206 -452.68334304 -452.68342199 -452.68353001
 -452.68341339 -452.68354602 -452.68345477 -452.68351343 -452.6834935
 -452.6834724  -452.68374337 -452.68321913 -452.68383157 -452.68312314
 -452.68344281 -452.68354474 -452.68380435 -452.68316291 -452.68350727
 -452.68347076 -452.68357174 -452.68340151 -452.68346208 -452.68351962
 -452.68351456 -452.68346814 -452.68338398 -452.68358551 -452.683458
 -452.68352438 -452.68354108 -452.68343817 -452.68347346 -452.68350936
 -452.68358847 -452.68338678 -452.68349235 -452.6834975  -452.68353926
 -452.68343827 -452.6834947  -452.68349924 -452.68350501 -452.68347414
 -452.68349915 -452.68349542 -452.6834272  -452.6835626  -452.68347604
 -452.68351492 -452.68342737 -452.6835524  -452.68349774 -452.68349644
 -452.68343968 -452.68354097 -452.68349636 -452.68349754 -452.68349235
 -452.68350231 -452.68349757 -452.68349726 -452.68349729 -452.68349735
 -452.68350032 -452.68349438 -452.68349386 -452.68349989 -452.68349797
 -452.68349716]