[[[ 0.00000000e+00  0.00000000e+00  0.00000000e+00]
  [ 0.00000000e+00  0.00000000e+00  0.00000000e+00]
  [ 0.00000000e+00  0.00000000e+00  0.00000000e+00]
  ...
  [ 0.00000000e+00  0.00000000e+00  0.00000000e+00]
  [ 0.00000000e+00  0.00000000e+00  0.00000000e+00]
  [ 0.00000000e+00  0.00000000e+00  0.00000000e+00]]

 [[-3.94744503e-02  5.68250688e-03 -3.02680448e-03]
  [ 1.83055657e-02 -8.60210660e-03  6.09066578e-04]
  [ 1.31875625e-02  4.20470743e-02  2.36795940e-04]
  ...
  [ 7.40648159e-04 -1.43173832e-03  2.53571477e-05]
  [-9.64048466e-04  7.65925877e-04  4.15602855e-04]
  [-1.07440492e-03  1.12899974e-03 -3.97109230e-04]]

 [[-3.88128057e-02  5.14511449e-03 -3.02830419e-03]
  [ 1.72325852e-02 -9.73696105e-03  6.45510983e-04]
  [ 1.36895730e-02  4.23620980e-02  2.42529760e-04]
  ...
  [ 7.18864587e-04 -1.46694848e-03  2.35990403e-05]
  [-9.08947093e-04  6.33626316e-04  2.33853689e-04]
  [-1.02874917e-03  9.98714278e-04 -2.14732038e-04]]

 ...

 [[-3.91270341e-02  5.74290128e-03 -3.02325452e-03]
  [ 1.76449391e-02 -9.39523795e-03  6.23229749e-04]
  [ 1.38558799e-02  4.21402558e-02  2.33626607e-04]
  ...
  [ 7.43476450e-04 -1.40051622e-03  2.50679035e-05]
  [-9.18221810e-04  7.47856998e-04  3.39294401e-04]
  [-1.02778447e-03  1.11164770e-03 -3.18848264e-04]]

 [[-3.91325014e-02  5.41310383e-03 -3.20379360e-03]
  [ 1.77747453e-02 -9.16154053e-03  7.42422783e-04]
  [ 1.34254867e-02  4.22013582e-02  2.95310288e-04]
  ...
  [ 7.30877978e-04 -1.44947973e-03 -1.07855646e-05]
  [-9.14521381e-04  6.98127651e-04  2.76525079e-04]
  [-1.07232972e-03  1.06688671e-03 -3.53476198e-04]]

 [[-3.91572702e-02  5.41544759e-03 -2.84865411e-03]
  [ 1.77479861e-02 -9.17396994e-03  5.11185929e-04]
  [ 1.34517553e-02  4.22010719e-02  1.81464568e-04]
  ...
  [ 7.29958591e-04 -1.44974319e-03  5.95961765e-05]
  [-9.59812875e-04  7.01859348e-04  3.71586638e-04]
  [-1.03007371e-03  1.06045600e-03 -2.56262861e-04]]]