6.418373460583793877e-01
-9.709274566154942054e-02
7.992351762049170194e-01
-2.028586201531645296e-03
1.115054349772504928e-02
-8.792174639617612170e-03
-2.588666688566992891e-02
-6.055178069688860187e-02
4.878845854000373600e-03
7.380956986517287488e-01
2.994156930975122068e-03
-7.204629863865498474e-02
-1.090427011375690470e-03
8.621688710653351018e-02
7.813280767078469857e-01
-6.139544506613827746e-04
1.313947248166076002e-03
6.632369223028003122e-03
-1.166569914523742611e-02
-1.702627269192946366e-02
3.936966857511177420e-02
-1.173390314132831264e-01
-5.436307739682306323e-02
2.826406058802685868e-03
-8.299965191898765748e-02
1.230052328043644561e-02
-4.675575309487955619e-03
8.702408885390836568e-01
-1.912151970351423647e-02
-1.998643138319146362e-01
5.302233344149296897e-04
6.795958937220472618e-02
-2.672929478693290006e-01
4.210162027373990160e-03
-3.664923666489363491e-02
5.855440319866449528e-01
1.586389184211208468e-03
3.645615646501603174e-03
-9.530116543092426867e-03
-5.370474723681540989e-03
-1.718443963942845086e-03
-4.106076896044583840e-02
-2.696880978081318478e-02
2.337084524619956541e-03
1.083890913812139284e-01
5.725472847558861489e-02
2.601700187041909584e-02
-4.162755359267449745e-03
-2.584755830170503699e-01
2.108306118118320749e-02
-3.848829363480938282e-03
-7.041325096386852334e-02
-1.976181249146421667e-02
8.167824004770335780e-03
6.051160559602829503e-01
2.971297130964083849e-02
9.373342234197395637e-03
1.558261577103106426e-03
6.874243103734581362e-02
-1.442652244687234186e-01
3.140532598600152218e-03
9.187371484422801951e-03
5.026928586016526056e-03
2.528428842400948576e-03
5.053017393912910549e-02
8.316406959492945727e-01
-1.825977435547493746e-04
1.557087233286573945e-04
-3.219407532910184382e-03
-7.309901819178727181e-03
2.928807641211340820e-03
6.846662676307279163e-03
5.183158150202760162e-03
-2.535898036039055392e-03
1.121156465582887020e-03
5.011821222294732606e-03
-8.616283162648110880e-03
-1.761872801257416063e-02
-6.176908364697372006e-02
3.108606247667148811e-02
1.759276293123845231e-03
-8.564578799744622384e-02
-2.002908072875426645e-02
1.762460059116481874e-03
5.280704164122115157e-02
5.822617565990303654e-03
-3.822955707341335954e-03
-2.214848597961692200e-01
-1.741527959626194832e-01
-1.057628060679586699e-03
7.078020308186985243e-01
-4.565279288099539229e-02
-1.886027426491817052e-02
-2.197017081544257351e-03
-2.888661050696662499e-02
4.602090959261564800e-03
-1.323756695709082942e-03
3.620654340659094222e-02
2.917937416273264778e-02
-1.061252965143862992e-03
-1.305292079145122797e-01
-3.053704830770104794e-01
2.466478927688658344e-03
8.716037313456377611e-02
6.399713835184641653e-01
-8.084383195634117303e-04
1.548236539874403355e-03
-2.447002951501915224e-03
-2.185205476563872960e-03
-2.149106921136660891e-03
-1.665071273006717492e-02
-5.368406112859898339e-04
1.252693943802076675e-03
7.491165772840847024e-03
1.080397759539345132e-03
2.359116324772543571e-03
5.957210750664518502e-03
6.127352615269193205e-03
-1.803710033240174537e-03
6.520367841113736129e-02
3.250474301146729673e-03
-7.731625722810080452e-04
-6.137414794712143097e-05
3.112126868405786732e-03
-1.560956051074847322e-03
-2.654279330531740693e-05
-3.759643181759070481e-03
-2.055453042492832495e-04
2.979928551435529361e-04
-2.409130707899645105e-02
-1.229995614609098644e-03
-1.567048641637749581e-04
-2.271999898971291121e-01
2.008335105897778375e-02
-2.289203212193420892e-03
5.024481691180259224e-01
-1.240162938360029167e-03
-8.783782800104184690e-03
-1.430643525432622539e-04
-5.711829607571512063e-03
-6.560473185023193640e-03
3.786675794334410728e-04
-6.101874267577579204e-04
2.256530867197954640e-04
-1.054857589053944837e-04
-1.835399520909170717e-02
1.143991593633855545e-02
-4.009096543681031806e-04
2.665728868565950260e-02
-9.462647846177726918e-02
-4.235417370674865152e-04
1.076548912321197322e-02
6.133751966305235337e-01
4.335135215977422061e-05
3.387102156323512094e-04
3.044457387932794808e-03
3.298376745834502908e-05
-4.828018363194616419e-04
5.476071176946566230e-04
2.934413735201761315e-04
5.979462038184572533e-04
3.964432574539915148e-04
-1.359722371574752361e-04
9.845821795391172023e-04
9.654398235700736505e-03
-2.512190686266405765e-03
-4.224017781349225279e-04
-5.582818526477636989e-02
-9.856646895016786536e-04
7.321166835742344298e-04
5.740785675772758223e-01
-2.140480958490684760e-01
8.347418406703539795e-02
-8.452285239262490382e-03
3.729271648143154400e-02
-3.396109851647221949e-03
2.033021988096382258e-05
-9.921518301710900711e-02
-4.148889293655638744e-02
4.379197198938913557e-03
-1.865286001751031986e-02
-3.843730103173554485e-02
-1.473945064150990235e-03
-1.076993304263550999e-01
8.689387059735576013e-02
-4.174580119944567083e-03
-1.193534219763080217e-02
3.001347910128075724e-02
-1.546660749785818550e-03
6.394112430510142664e-01
8.028203065763769852e-02
-1.303920534331817205e-01
2.127925943991821472e-03
2.198692710958259633e-02
3.205953447312237699e-03
-5.322615871088392115e-04
-6.535936725017847670e-02
1.984349043422950834e-02
-3.261082850634428563e-03
-1.249288264679788811e-02
-2.988482416696058852e-02
-1.154114206528406928e-03
4.362267756540698371e-02
-2.009352242884271111e-01
-5.445550323920496068e-04
1.860729572243858751e-02
1.257971421196072087e-04
-3.501732667843411020e-04
1.266527402676091429e-01
8.304413125998054701e-01
-7.745602381573597241e-03
-1.582124692217356859e-03
4.818844131514080954e-03
2.379323375892571871e-03
5.465256526818043983e-04
1.626067619678731382e-02
-1.635886259287711985e-03
-9.011245264194035114e-04
-2.437347140226728270e-02
-2.254019974156461995e-03
-2.024880278180740765e-03
-1.470276612648470892e-02
-1.330232712571055098e-03
2.852987426905794974e-03
-3.397572766626364565e-03
9.241151124629530512e-05
8.989434209990505376e-04
1.742384448178047008e-03
2.190494301513372724e-02
1.459403502790477224e-02
3.121270687606007496e-02
-5.745493379820174051e-02
-5.280897907043758527e-02
-2.153258402230504454e-03
-3.315661677529148366e-03
1.039274810705135763e-02
-3.490549450656859286e-04
2.515610573500469752e-02
-1.462160488760907073e-03
-3.092510103631313303e-04
-6.876582390446867553e-03
-2.012750631695844894e-02
1.462196732317594611e-03
2.480679030631996115e-02
9.250538001301303673e-03
8.684514338802641923e-04
-3.199321792779042696e-03
4.574445864599154324e-03
9.264029940368902335e-04
-2.663551494915831208e-01
-2.620765172845414548e-01
-1.282548196406813751e-02
3.066635891487958787e-01
-3.250174710263525890e-02
1.759629266492137786e-02
-2.795215745338181131e-03
-4.890862168471810448e-03
1.666506529649292370e-02
-4.840654565135914635e-04
3.097993984692511138e-02
-2.479850929056941211e-02
1.857212354021798651e-03
-2.763457286047171606e-03
-3.676295015888113998e-02
2.110097931459849804e-03
-1.163011931346029544e-02
-3.676518762543797003e-02
-4.118173462347184989e-04
-1.013763410995356835e-02
6.100806503527391074e-03
4.585688795700983600e-04
-2.473469204853322445e-01
-4.805362015280424393e-01
-1.577632234162932440e-02
3.124408326291886473e-01
5.305553684790431657e-01
-2.550138522442060938e-03
-8.426139320384340393e-04
2.459112180223156120e-03
-9.327913560443630266e-04
9.489920214329474954e-04
-7.229228258342754176e-03
1.002048074172119576e-03
-1.722965778464871092e-04
4.321438234831890407e-03
9.243628055097133714e-04
-1.137566447290363396e-03
8.786632532882853244e-03
-3.104323747333995014e-04
-1.136871427918031757e-03
-4.338624062536286172e-03
-4.358741499973626697e-04
3.383514080847432708e-04
-2.832715824526207699e-03
-9.491490067491045735e-03
-1.383205719999484017e-02
-1.626745659231306623e-02
1.211980876768192252e-02
1.599324633550656613e-02
1.257987746631076924e-02
-1.006071507458854569e-01
-1.621002457042098471e-02
2.413524273963545217e-03
-5.525547101152510077e-02
6.162943107396940540e-02
6.884711577978820142e-03
-6.089983779700852695e-01
6.116000919892281007e-02
2.474927974887050283e-02
1.578894840396814769e-02
2.326431954807952479e-02
-2.261203473353505522e-03
-2.399448082888844258e-02
-1.598334491711819044e-02
2.323798151930079811e-03
3.826316435583012113e-03
2.178346308522437040e-03
7.684244634993012775e-05
5.704525191684358537e-02
1.939196942314953473e-02
7.666184454946812360e-04
-3.255486191326150552e-02
-3.206936825552143822e-02
-5.948307055033486349e-04
7.515206618701525398e-01
-5.593543091268882855e-02
1.281342398700639415e-02
1.965237258240705182e-03
5.569686572325961010e-02
-1.220403079866830970e-02
-3.239242080141322214e-03
9.196819453911071751e-02
-1.045741161990044743e-01
-5.351950907509970233e-03
6.493711742364174574e-03
-7.690539371117393469e-03
8.766687482960023540e-04
-1.215462877351213000e-03
-4.187418812544900330e-03
-1.795250792429874836e-04
-6.759701176452356970e-05
2.182838373624690744e-04
-4.753004026869990951e-04
5.622843819529407643e-03
-1.188511504415298674e-02
8.452518452084435870e-04
2.409727025139946077e-03
1.031877635789827351e-02
2.076766263128043894e-05
-1.078402671652295280e-01
1.070681129652863300e-01
5.073029548488322202e-03
1.651902389025398498e-04
7.810956258985034782e-03
3.979360080352676264e-03
-2.879363459659969610e-03
1.217497487317018012e-02
2.473221850282863316e-02
-3.810907209948058601e-03
-4.578520294468066409e-02
-1.534356412255006999e-03
-1.378673538472990987e-03
3.081520966922915786e-03
1.102687144422575009e-03
5.838215302293494604e-04
-4.448215870104702853e-03
-1.640414721487911981e-04
-1.122324184548020512e-04
3.718573183415483947e-04
-2.701909914249202554e-03
1.182198335851485050e-03
8.879664836104942879e-03
1.279419430963902324e-03
5.962261127072493970e-04
-5.908374070708442448e-04
-3.191867692672838153e-02
5.567699699519835892e-03
2.457169251146676045e-02
7.011527929560092565e-04
8.322098828637701420e-04
9.633610641820060719e-05
-1.869296338161268931e-02
4.165391299668483316e-02
-4.203783146453096502e-04
-9.091672266447014920e-04
-7.335572961100362763e-03
-5.191729048642543080e-04
-7.242789374026326055e-02
6.658827519813574625e-02
-1.177656319931638489e-03
9.170262916259322092e-03
-2.293494959319085716e-02
1.893097165255718938e-04
2.514911410270324107e-03
-1.403821609365611114e-03
1.589515095960658609e-06
-4.609756706676551921e-03
2.225982886128988647e-04
2.669435393929541931e-04
-8.823979757852256126e-05
-3.234360196717887565e-03
-1.968449273779260538e-04
-3.088488268157945846e-03
2.646986499919233658e-03
1.537016271298741654e-04
8.665214834602777416e-02
-1.034326919614876996e-03
-1.429941203554065154e-04
-7.722195550582199139e-05
-1.688286627921130399e-04
-1.546497537556436840e-03
-1.418054903977160352e-04
-2.161581692532476770e-03
3.398367982047892019e-03
4.640707181957886684e-05
7.248167183471168618e-02
-3.429373693157097280e-01
4.479378657698879738e-03
1.037653817721334928e-02
-1.863028661522562676e-02
2.740017251896756248e-04
1.890359729065078584e-03
8.901479703453882286e-04
-1.260718209574427393e-04
-5.017091785367734820e-03
9.841088403684829494e-04
-3.051021948987781200e-05
1.593072163395541953e-03
-4.546101080182107356e-04
1.026136925099928467e-04
1.464311988286285315e-03
-5.247144332524885909e-04
1.392999429220134532e-07
-7.845796381316420820e-02
3.574183110913513040e-01
5.729809167143128101e-04
-1.199058020265881256e-04
-1.832086815820734883e-03
4.291477428635946971e-04
2.360620260521732565e-03
2.268750145686547395e-04
-5.842580748478272724e-06
-2.147621275941355001e-03
4.614909490490549482e-04
-1.863355107320405300e-03
3.969616610302426248e-03
3.038132146555764298e-03
-1.846817490534753768e-04
1.343593358954135210e-03
-2.615187077110078893e-03
-9.832263302446680054e-05
-9.296687121259103275e-05
-1.960137650270496554e-03
2.740449055328489456e-03
1.228423888461197596e-03
-2.919412521906143438e-03
-1.725329424044849853e-03
-2.062454680255758430e-03
4.481931801253443565e-03
-9.862098822435501778e-04
1.628172482637628698e-04
9.608863736349944600e-04
1.535193509243427176e-03
-4.646906150035653299e-03
4.318721964590111563e-05
-1.163445540838284470e-01
1.368934080687482235e-01
4.357743414568683062e-03
-3.480574643026803847e-03
-6.054405458349941885e-03
-4.936588527470993560e-05
1.314647919195602137e-02
-2.754138230031440843e-02
-1.052850159972413277e-03
-1.762801218659944139e-03
-1.550545363846790549e-03
4.124618196087004958e-04
-6.330635921725507806e-03
5.770612508622345599e-05
-2.965464433181578077e-04
2.165930385158337833e-04
2.024905465021237683e-03
-1.456140774310562317e-05
-5.415915400538174988e-03
3.866850790955068951e-02
1.482889044901128861e-03
5.413084134658499927e-03
-5.272660171520040552e-03
-4.164204751107574050e-05
-2.063061410831172615e-04
3.731842928425614572e-03
1.043659615076133435e-05
1.363686962752617504e-04
6.864639255943684069e-05
-4.373250638388810315e-05
1.143777725482055252e-01
1.311559807182945125e-01
-4.068602436937595601e-01
-1.087434781901152475e-02
-4.126535179093563516e-03
-6.953235761625826744e-04
4.938350119495940691e-04
1.105510535224040261e-02
-2.138504760646698158e-02
-1.454233180030433574e-03
-2.505538273567779078e-04
1.742402287472714082e-04
-3.957735171455792149e-04
9.547669678494414395e-06
5.949236882388644681e-04
-2.985904170560264859e-04
-1.423698209180754791e-04
-7.294885583978702665e-05
-6.839021448352378368e-05
-2.203299192685513955e-03
1.857497257874926057e-04
4.825765904971348816e-04
6.610378436288616711e-06
3.223490932151708115e-04
-1.888378036264982138e-04
3.494760858085012301e-03
3.803105455475282691e-03
2.474715677225458707e-05
-2.576953259448431968e-05
1.505174247313794300e-04
2.499038540843147153e-04
-1.396635844482619626e-01
4.242415301050626586e-01
6.232140611810875995e-03
-1.610263867843577182e-02
-4.346207288015616716e-04
1.985183512080684724e-04
-3.237184558284834858e-04
2.823967487643852959e-03
-6.604549210413498397e-05
3.091302101709677338e-03
-4.212416953592717887e-03
-8.289383755110616824e-05
4.976928893991382859e-05
-5.134189773976007573e-04
-1.286837005631012514e-04
3.022383303672211848e-04
2.285996258811467258e-04
2.844716374644409146e-05
8.891718797271429411e-06
1.009813637359462330e-03
-1.230976827447501955e-03
8.281518575903324677e-04
-4.183811392251724978e-03
4.213470020018047850e-04
4.081068142014654030e-04
-9.535540387480298617e-04
-6.409287550668351470e-04
-2.583382403838951815e-04
-3.177062505619341563e-03
3.636855140522123487e-05
5.155624106715145911e-06
-6.785992526168330499e-04
-4.817247645893350284e-03
1.198499999839687351e-02
7.528107431011865983e-03
-9.593772520061526806e-04
5.485609974027955311e-03
1.279684089167399926e-04
-2.401126253397851407e-01
-2.007124815791626049e-01
1.300171326601476905e-02
1.614386275356551395e-02
1.394594763611867530e-02
-8.925531270605506972e-04
-9.819957243676165001e-03
-2.737222832673800663e-02
1.392380637630578682e-03
-4.984783901886056731e-03
4.559451819703483864e-03
2.469218135270363074e-04
4.531742256645533229e-04
-7.685304263908718453e-04
1.093091440437520982e-04
1.388447298968853102e-04
-5.600916199810877100e-04
-2.858365533341024746e-04
-1.271792845206941216e-03
-9.051860760656221068e-04
-1.023190653040578638e-04
-2.243082748231037867e-03
-2.814024021644975348e-03
2.100570546888207241e-05
1.035677807149909882e-03
3.314226235126170247e-04
-1.833529826221420357e-04
7.738582369414575461e-04
6.809769413733477838e-04
9.030632899573111556e-05
2.408377976709209223e-01
4.840115208864663281e-03
-3.938951620783020038e-03
-3.647658058656091289e-04
-1.983861202461735807e-01
-3.042643602967781136e-01
1.348068303374522041e-02
-3.126536566727759758e-02
-2.150372627296563352e-02
2.601175415443922594e-03
1.281884159379514943e-02
1.288135746438880472e-02
-1.146972755720413720e-04
1.857203180978853193e-03
-1.759549761577528263e-03
4.563358538974662316e-04
2.657474977870759249e-04
8.216688914811337129e-04
-1.249498214293303571e-04
2.306179942619421969e-03
5.119943479099948579e-04
-5.549813499764326688e-06
-1.370934148099206594e-03
-8.275680468821060417e-04
-6.243697956975875968e-05
8.807526132191312350e-04
5.734895670690592744e-03
-5.698603018533041070e-05
4.939744366431160841e-04
5.456227118292936986e-04
-2.154744560487820485e-04
-1.290532554108196660e-03
-6.474182826091619573e-04
1.603394813853543731e-05
2.082617655807185442e-01
3.126628318365052839e-01
5.444557033150034626e-04
4.660835735447766163e-04
1.163730070020615581e-03
1.587154314587038359e-02
1.874924998444160718e-02
-1.975919943509427470e-02
-2.463119865226046892e-05
-2.329902429980633145e-03
3.271192372803778323e-03
-1.856167222445187634e-03
-1.605090578685057327e-03
1.268285775082666957e-03
-1.442500344119285302e-04
2.729387667859596730e-04
3.554837268228000936e-03
4.494805632848685333e-06
-1.800145944712878236e-05
-1.887962180559157009e-03
1.228800427503888299e-04
4.542977345446100779e-04
-2.271587850933140182e-04
-3.187889807715749819e-04
-3.352735056614170083e-04
-3.759795854577019847e-04
-8.796909079255871722e-04
6.278808845511357740e-05
-3.734136162412702090e-03
4.920930740723104797e-05
1.934227591163684579e-05
-1.824981105656568769e-04
1.553609704359328416e-04
-1.250285740318462092e-04
2.477377465616445798e-03
-1.359275157245179617e-02
-1.561241273384810641e-02
1.420221492103688338e-02
-1.186862390334981034e-03
1.936608277889040157e-03
1.025784268705634664e-04
3.812416815876165242e-04
-6.425171495508013230e-04
-2.062016290218013207e-04
7.571867227847428345e-04
1.557573637303270734e-03
-8.082491982486532042e-05
2.996632350041553410e-03
3.039793605975790215e-03
1.903886269021025162e-04
-1.029274400584645824e-02
3.508618125609461180e-02
2.196275441145669502e-04
-6.337943150492245104e-02
5.554227207472984401e-02
5.638675549536592124e-04
-5.794660772353426095e-03
-2.483519949655367803e-03
-1.811531167345416075e-04
1.186918730819023051e-03
-4.602035150465285502e-04
-9.101040347682980150e-06
-2.573858972285770824e-04
-4.703028901446933857e-04
6.450381048909302375e-05
-1.693805473072031468e-04
-1.159291651920742010e-03
1.377501257549388863e-05
-6.773740020496664361e-04
-5.921151494525052946e-05
-3.046024007682027377e-05
3.336307533895423096e-05
4.727355022162925120e-05
7.070472757414587547e-05
7.104145261603984907e-02
3.979714073107854162e-04
-3.165618339494780440e-05
-6.434831177251942867e-06
6.939895936137741288e-04
2.983872497925731289e-04
-2.175058402319699268e-06
-7.932012306584374428e-04
-4.365154526414783396e-04
-1.261249810195376560e-05
-2.950195492947635476e-03
-1.993674883667889209e-04
1.281284177688441536e-04
1.757775278131744952e-04
-2.943208394853137275e-03
-1.498340278310472294e-04
5.695991129116920182e-02
-3.213578257125161985e-01
-2.006108565880905005e-03
-6.087316897066438986e-05
1.020860031976924751e-03
-4.403697088000072313e-06
8.350813118044330720e-04
-4.990077362623881758e-04
-8.160371511209050415e-07
6.319897005404747064e-04
1.131927193274399082e-04
-1.175912602772595495e-05
8.097775550428387530e-04
3.062311951498593960e-04
-1.887436619693871819e-05
6.716225386856542986e-05
6.770422577448175275e-05
5.849177824469896469e-06
8.562856286588673999e-05
-2.668256956101300718e-05
-4.819406147079629918e-06
-6.399313907712154970e-02
3.474536399453760915e-01
6.406157704377610652e-05
4.890404602655405313e-05
5.848576004873618081e-04
-6.324147322603043910e-06
1.046657981179224136e-06
-1.218052063404165686e-05
-6.672720868228987281e-05
-5.562223211827259790e-05
-6.838513661108984833e-05
1.169337665019676509e-04
7.640508290189640503e-05
-2.046055525816036131e-04
-2.222706477349602845e-04
5.974992852142194631e-04
-2.275990209305860709e-03
5.490820610606897065e-04
-2.051553204056159353e-03
-5.165669167133110640e-02
-3.118739451054126596e-04
-3.150817949709492998e-04
-3.973358620767965753e-04
2.674765317634009436e-04
9.829133771685529268e-05
6.618605143350386527e-04
6.654375322942319992e-05
-1.868790939861764101e-05
4.858317232862847105e-05
2.009475196289818981e-05
3.127795742166335875e-05
2.348351998449184970e-04
-6.028637263839953296e-05
4.880579056541710348e-05
9.618600061672189061e-06
2.752169599419413142e-05
8.984851336683167454e-06
1.600903720265981335e-04
-4.484915034316242681e-04
2.257925977175534969e-03
4.859999972681614683e-02
-3.797673071902840994e-03
-1.939176572378751087e-03
2.660934216148856516e-04
-2.490800456335059195e-03
-1.933369432591791918e-03
4.285818376980930842e-05
2.703988413580373992e-03
1.611099420073027312e-03
-8.893192235199788532e-05
1.601732709331418281e-03
6.133476038551693640e-03
9.920325842724274281e-04
-2.231911395860491573e-02
-1.748275069280004132e-02
-2.444552374516652596e-02
-8.844376473098781999e-02
-4.954093324608232346e-02
-9.838200823732573541e-02
-3.414627828506231443e-04
-3.459956705136688765e-03
9.916046066377299465e-04
4.163163301923566983e-03
4.091177064450386529e-03
3.896698783918618367e-04
-4.280520607254708764e-04
-1.861094868310811206e-04
9.263872488437344967e-05
-1.269885410972757889e-04
-9.854257449535344931e-05
-4.213632186580517454e-04
5.515752341741755649e-05
3.683206546164625149e-05
1.217182468392722234e-04
-1.576962914292305565e-05
2.152436988552082400e-04
-4.471291112772639818e-04
2.574092280490595207e-03
3.479269896424083946e-03
7.978483733522868937e-03
1.004825408463736469e-01
1.660759508051037805e-03
9.001383524016397502e-04
9.619271876946396778e-05
9.128426235963440225e-04
1.507104224773755160e-03
-1.470756592674074203e-05
-6.130312180145574630e-04
-1.608721422300306726e-03
-5.044553304305580315e-04
-1.384899270444603543e-03
-2.010081695573723119e-03
-9.376787591291849177e-04
3.262834301725049506e-04
4.808413723736490106e-03
4.196195571338180545e-03
-4.507619009809218230e-02
-9.884800145335553845e-02
-9.981904945768667325e-02
1.819048310967551815e-03
-1.123890493787893605e-03
2.561953161933584657e-03
-1.973694496500283391e-03
-6.731176131183530574e-04
-1.344556012545879056e-03
-9.159225441173706296e-04
4.494960773774533697e-04
-1.418761038288933267e-04
7.624694500648151628e-05
2.457537804285727084e-04
7.605625293883035935e-04
-5.839603439120621308e-05
6.943895930591192380e-05
-6.566048838103891627e-05
-1.442941566984534457e-04
-7.967523226034563906e-05
1.850634919572866619e-04
-1.360143425982862642e-02
-1.164239505006768594e-02
-2.782415586996259127e-02
5.268588737436146613e-02
1.021646905292098589e-01
-1.148459691807009143e-03
-4.230317063868938932e-04
-1.228265600366697415e-04
-3.875501019918518278e-04
2.098765235287818574e-05
2.400683661219141980e-05
1.028889332566077387e-03
4.041756253700090314e-04
-3.248387986037352070e-04
1.901708055529702799e-03
1.350528344421635238e-03
-1.750291027739425730e-03
-1.084022788508116680e-03
9.001013591214379302e-04
4.583349695602735585e-03
-9.289857832403496107e-02
-1.002500255107648813e-01
-2.430461360606924193e-01
-6.244015076916816778e-04
-2.478344180040995947e-03
1.726182912427774762e-03
2.337741128219027360e-03
1.668961121433941300e-03
-2.993033872996116564e-04
-3.784374318574167118e-04
-2.453624960928884214e-05
-5.827680813741324635e-05
1.443643007400032696e-05
4.482242239424027042e-05
3.570290320458587236e-04
-5.633543269279594904e-05
5.054931248079445443e-05
1.997852454205246745e-05
1.011166238811650036e-04
1.830159505505136555e-05
4.498022283500807477e-05
1.821097048676073625e-03
2.781010436380901025e-03
2.049935683572034605e-03
1.007009591684882438e-01
1.089712057677142271e-01
2.587791442274878229e-01
-3.764776654942626234e-03
-2.049823906183903619e-03
-1.373096766198028798e-05
-2.401501745437398770e-03
-1.916073435893920693e-03
1.817792067917058520e-04
2.512970604666855869e-03
1.397463891100295163e-03
-1.368635888448695463e-04
1.187060438710356436e-03
5.651092838165885576e-03
-9.869654438228229153e-04
-2.281480586452584378e-02
-1.781629424214043259e-02
2.362773697101946263e-02
-9.385384845474259441e-02
-5.414229768640731882e-02
1.015174580580356922e-01
2.976227942922002540e-04
-2.930395034519753077e-03
-1.495202234717006844e-03
3.627233447840646618e-03
3.714406920830934464e-03
1.144572103279708792e-04
-3.686285154540822713e-04
8.874179730034255158e-05
-1.972687174379631327e-04
-5.318601147918681837e-05
-1.007788363408689989e-04
2.516763692766084718e-04
1.515041969285306706e-04
-1.999026678022613497e-05
-1.493971070262282725e-04
-8.024388338265349625e-05
3.006115438133533427e-04
4.665863392370482913e-04
2.792095095183526072e-03
3.672621983033330997e-03
-7.938390920653435462e-03
6.346460468736396868e-03
6.312321107592377793e-03
-1.133611590920219694e-02
1.064362511046812593e-01
1.599457658524144161e-03
1.012483577782808362e-03
-7.701359873644996205e-05
6.031346057106442551e-04
1.285275643885484213e-03
-1.148481850135286763e-04
1.144975693325793838e-04
-1.594093364943508775e-03
4.510228768134095091e-04
-1.086406652220595938e-03
-1.436130334005037475e-03
9.995480016889005982e-04
-8.671364964587402338e-05
4.880120414955356478e-03
-4.030278498984620969e-03
-4.934014065716298830e-02
-1.028924439780902478e-01
1.007593891947439341e-01
1.095443518229355460e-03
-1.564726616947779980e-03
-2.586845872138774337e-03
-1.578574416117140434e-03
-2.998560689040942733e-04
1.357404559407509020e-03
-1.142860069816711757e-03
3.917690694234214751e-04
2.870854445831334031e-04
7.860916715922666546e-05
2.755900653231665629e-04
-7.343748152263127656e-04
-9.318698370480412232e-05
4.194225126015569961e-05
3.625554430060334556e-05
-8.480227950800833748e-05
-1.112881464476431112e-04
-1.669024951229461644e-04
-1.427155588235678833e-02
-1.210383810116525544e-02
2.712835181318387981e-02
6.371254418717393897e-03
5.898481609819108962e-03
-1.304706262128157816e-02
5.781126726248001640e-02
1.062075392962283371e-01
9.772378066623798459e-04
2.413224440111771951e-04
-2.668829778105234925e-04
2.893051052034398274e-04
4.977393982717043253e-05
-3.643867951742211370e-05
-1.070981869463613449e-03
-3.453531211862984757e-04
-1.666473287986065246e-04
-1.675957735059494663e-03
-1.381972135018590467e-03
-1.795775508801675810e-03
4.184524366674172158e-05
-1.289417450017550301e-03
5.016934517716248147e-03
9.617762350912764657e-02
1.013216495151478685e-01
-2.335485459071307557e-01
8.595044408159554367e-04
2.140038329626215569e-03
1.841654939435755610e-03
-2.146045748791973809e-03
-1.394216990259395522e-03
-4.641515075243603152e-04
3.467983105876135119e-04
6.823310841069102350e-05
-8.297661387333954419e-05
4.129150156318220355e-06
-3.051652718500524886e-05
4.201014531271927586e-04
5.552892986858469319e-05
-3.311526988613320080e-05
4.289246060932682542e-05
-1.235035239747495073e-04
7.869548290025119019e-06
4.711958348616648168e-05
-2.072586424647556227e-03
-2.969656176734742498e-03
2.275769687236699375e-03
1.226331039723882119e-02
1.388597040096416907e-02
-2.198326774235291603e-02
-1.039048942622078087e-01
-1.102761846813512664e-01
2.486422867601834064e-01
