   1.00000000000000     
 -5.441258819426902E-014
 -5.254357341518403E-015
  6.342582709040208E-015
  2.028466370568308E-014
  1.301042606982601E-016
 -4.371503159461775E-016
  3.369700352084961E-016
  1.146435377186186E-015
  1.648854663915949E-015
  3.603888021341834E-016
 -3.632348328369732E-016
  4.011548038198138E-017
  5.735429492448313E-016
 -1.665334536937801E-016
 -6.657225076304042E-016
  2.828124475187579E-017
 -1.747810274031694E-016
  1.224869537259568E-016
 -1.377157203343705E-015
  3.159313400164209E-016
 -6.234078716803425E-016
 -1.673066104773325E-016
 -2.231551251628078E-016
  5.758008077254201E-016
  1.999843093489038E-016
 -4.258291923533887E-016
  1.812275448260976E-016
  3.655858676330882E-017
 -2.439961956443519E-016
 -2.918117793201070E-016
  4.391205308153519E-018
 -2.314927606697347E-016
 -1.926026505648485E-017
 -2.048272826216050E-016
 -1.392271104317199E-016
  2.504508026974556E-019
  1.632387207311560E-016
 -1.023861714513730E-017
  5.401096884365064E-014
   1.00000000000000     
 -3.071781282293565E-014
 -2.583003255729455E-015
  3.261713815705404E-015
  2.834538159746133E-015
 -8.014422459012789E-016
 -2.286365541337431E-015
  2.649356428685578E-015
  8.326672684688604E-016
 -2.732189474663466E-016
  6.304635633003086E-017
  2.818925648462539E-016
  2.814588839772151E-016
  2.194425197110752E-016
 -2.093448845138566E-016
  6.149332309541058E-016
 -3.414510791219261E-016
  1.582406804942409E-015
 -8.456267607929503E-016
 -2.287530761662353E-016
 -1.951078342861455E-016
 -1.333255915055817E-016
 -2.489288441904228E-016
 -1.255055277530677E-016
  1.264685335342711E-016
 -3.364416137197077E-016
 -2.866265570766420E-016
 -4.468223074903918E-016
 -1.557200701082256E-016
 -1.883720438167207E-016
 -1.569442783372850E-016
  1.488513994418549E-016
  1.417504483108073E-016
 -3.062284091131024E-017
 -1.871890318933030E-016
 -1.785664543457956E-016
  2.262866621955239E-017
 -4.874466980961536E-017
  4.650937436815148E-015
  3.037233227531674E-014
   1.00000000000000     
 -7.219919107015476E-015
  4.747938153748515E-015
 -1.051242426441945E-015
  3.538835890992811E-016
 -9.371843578964667E-016
  2.643718577388650E-015
  4.857225732735052E-016
 -1.873501354054904E-016
 -1.268516541807921E-016
  2.532696274926131E-016
 -3.530162273612804E-016
 -9.280770596475146E-017
  4.380821477456204E-017
  1.400943702687015E-016
  1.629710982395243E-016
  3.511431348108694E-016
 -6.659765921010546E-017
  2.857316845584181E-016
  6.205060804965360E-017
  3.345470165356319E-017
  2.204389926524318E-017
 -1.936618992485017E-016
 -1.557879574012106E-016
 -1.470259677134168E-016
  2.030391000802148E-016
  3.384402650721270E-016
 -4.336736185423052E-016
 -1.381310286019700E-016
 -3.241479328899496E-016
  1.319150232838155E-016
 -2.182131126625458E-016
  6.536625855949148E-017
  1.081134796033834E-016
  1.654479977820531E-016
  1.433013983283383E-016
 -2.493856045829010E-017
  5.891567231550915E-015
 -2.435582934319482E-015
 -7.351778596136472E-015
  -1.00000000000000     
  2.042105633898173E-013
 -3.160666173229756E-015
  2.074729277268240E-015
 -1.193056070602964E-015
  2.610108310041638E-015
  1.450228825916560E-015
  6.028164079019894E-016
 -1.092875789865347E-015
 -1.353084311260958E-016
 -7.710845850716765E-016
 -5.551115123119587E-017
 -2.591268949903871E-016
  2.292430825731732E-016
 -4.026222086744958E-016
  3.686922426295459E-018
 -1.534220049994300E-016
 -3.083653292213227E-016
 -3.215105501119475E-016
 -6.593965619693581E-017
  1.005556357088879E-016
 -1.240350571559480E-016
 -1.754771796674003E-016
  2.510835435550278E-016
  6.012893611801087E-017
  3.230104897617987E-016
 -6.639349248997970E-017
  1.298173242904066E-016
  9.704815146878705E-017
  3.019037708638077E-017
 -2.045196128351884E-017
 -3.324749966931614E-016
  5.281142779957919E-017
 -2.170587142564128E-016
 -4.355352327678419E-016
 -3.910107621215984E-017
  1.968088585907183E-014
  3.961880630969999E-015
  4.662235338607271E-015
 -2.041849762185466E-013
  -1.00000000000000     
 -1.229203371033717E-014
  3.255208602670570E-015
  1.636061078280503E-015
 -4.977246913229169E-015
 -1.741879210315254E-015
 -1.028907861687930E-016
  3.391282751580994E-015
  1.499180554004328E-015
  1.386911419043471E-015
  1.562118490117014E-015
  8.501806183989564E-016
 -4.926004029278304E-016
  4.216542669782564E-016
 -2.485500647680056E-015
  2.455057493024886E-015
 -6.162856451972218E-016
  7.041901482355029E-016
 -4.307172089363424E-016
  5.447169761394628E-018
 -6.800357099532445E-017
  2.755215101500027E-016
 -7.375942906887478E-016
  1.202041557652867E-016
 -2.400474743627355E-016
  7.483692198844199E-016
 -3.086012857992335E-016
  2.602327534666348E-016
  1.716880725388392E-017
 -4.170413501460271E-017
 -3.070173145483552E-017
  3.280431382703791E-016
 -2.254785069069351E-016
 -3.480357147636398E-016
  1.853625629136761E-016
 -7.376699844909994E-016
  2.774670365182442E-015
 -8.639411731764990E-016
  3.023623018627575E-015
  1.248480485660508E-014
  -1.00000000000000     
 -9.020562075079413E-016
  1.120631365481025E-015
 -4.943961906533884E-016
  2.541369892305993E-016
  1.783295733304161E-015
  3.443968200900239E-016
  9.588684013461860E-016
  1.214306433183780E-016
 -1.543903893619297E-016
 -2.949976922714417E-016
 -8.772775415889627E-016
 -1.397267260342688E-016
 -4.894976151312173E-016
 -1.342594297507007E-016
  1.555640467026420E-016
  1.117649121052972E-016
  3.484834983390182E-016
 -2.710730567046060E-016
 -1.439375651644190E-016
  8.674804600159305E-017
  5.202557178505303E-017
  1.833320838460277E-016
  5.279721866921937E-016
  6.891053381944279E-017
  1.900407902755022E-016
  1.945708870533494E-016
 -3.819718215347385E-017
 -1.176329168830932E-016
  8.240773266350984E-017
  7.826737073931466E-017
 -1.368651941072854E-017
  2.903088492083507E-016
  2.891287750608234E-017
 -8.795509518205021E-016
 -1.312750441058698E-015
  3.490954042515626E-016
 -1.543903893619358E-015
 -3.048776509029240E-015
  4.649058915617844E-016
  -1.00000000000000     
 -6.696032617270500E-016
  8.569533971325427E-016
 -1.422473250300976E-016
 -1.235123114895488E-015
  1.385610376436461E-016
  4.093947403305248E-016
  2.469812548921975E-016
 -2.810252031082448E-016
  2.407143433203895E-016
  1.710160037951797E-016
  5.429327995976723E-017
  4.637404503396304E-016
 -1.198347449280282E-016
  4.147868874331780E-016
 -3.097077498825093E-016
 -1.857957106231275E-016
 -3.259335178453414E-016
 -3.331918798020838E-016
 -3.279428486480966E-017
  2.751425540792256E-016
  4.972683820240384E-017
 -6.307841880311451E-016
  2.998557973831382E-017
  4.458510739973069E-017
  1.954715105746956E-016
 -3.373390604546724E-017
 -4.556532681577939E-017
 -5.549205286877619E-017
 -4.247374668682967E-018
 -1.629547731086649E-016
  1.836511150912875E-016
 -1.434178211828477E-017
  4.023161300698174E-017
 -2.445322825221474E-015
 -1.441968082977205E-015
  8.413408858487607E-017
 -2.545489860561468E-015
 -1.972380592185630E-015
  1.082467449009528E-015
  -1.00000000000000     
 -9.168013570537424E-016
  1.827531181941570E-015
 -4.371503159461570E-016
 -8.501500285001975E-016
  9.738303913264795E-016
 -4.198030811863869E-016
  1.661865089985780E-015
 -3.639906467103907E-017
  7.719031149854155E-017
 -6.958743207867574E-016
  4.929392797632707E-017
  4.245297042864249E-017
 -2.621277909236407E-016
 -3.734665305719179E-016
  2.880407433528933E-016
 -8.885223350668130E-017
 -1.198471944076772E-017
 -2.337173090896543E-017
  4.536655781476342E-016
 -4.719581601216187E-017
  5.300056268079073E-016
  6.153920530591789E-017
  1.471756430226512E-016
 -5.832877876955559E-017
  3.853091546268683E-016
 -4.827130756759423E-017
 -2.550337298031263E-016
 -6.914674789466368E-017
 -1.904541927860223E-016
  2.267436757537022E-016
 -3.491200697075018E-017
  1.169721425622090E-015
  2.917402153953463E-015
  2.005123535948794E-015
 -2.274872998309085E-015
  4.686030209699603E-015
  6.843484112728534E-016
 -1.630640067418209E-016
  5.264885749589642E-016
  -1.00000000000000     
 -5.441827544139250E-015
 -4.205620227071272E-015
  3.785898461047822E-015
  1.451421448306345E-015
  2.116362640691706E-016
  1.334869714764154E-015
  1.735782379178163E-015
 -5.838755408176312E-016
  4.155687734970675E-016
 -1.429853374339587E-015
  3.024205867068665E-016
  8.719044121037866E-017
 -2.141615971177245E-016
 -6.584845848728579E-017
 -2.287548147508280E-016
  4.277085864450644E-016
 -1.656345501882224E-016
 -5.894418572180623E-016
 -1.984579166719826E-016
 -1.502730655724791E-016
 -2.163880290618974E-016
 -4.305688958935613E-016
  4.087048734835407E-017
 -5.314045773752421E-016
  1.753214292873037E-016
 -3.595789726810868E-017
  4.335352442643786E-016
 -1.526527919932703E-016
  4.895257510153938E-017
  1.142825249847993E-016
 -1.695215205452774E-015
 -6.677885792667810E-016
 -9.572991644519768E-017
  1.760744328116465E-015
 -2.212422953173927E-015
  2.341876692569346E-017
  2.810252031082419E-016
  1.619364364824351E-015
 -5.766220834146910E-015
   1.00000000000000     
 -1.334349297721362E-014
 -2.605039664885237E-015
 -2.841477053650016E-015
  1.457167719820513E-015
 -1.613292832658430E-015
  6.506850764065754E-016
 -1.623064690294554E-016
 -2.787534964672459E-016
  8.950570425970831E-016
 -6.304588770777351E-016
  3.256523131978249E-016
  6.081750421573925E-016
  4.216349108868257E-018
  1.224590553245196E-016
 -1.035189962985111E-016
  4.300260459140492E-017
  3.230683176061740E-016
 -1.864093530999297E-017
 -2.092497383068997E-016
  8.321539109021133E-017
  2.733496522661137E-016
 -2.681026568536126E-016
  2.593894556175155E-016
 -1.712950817252133E-016
 -1.827383412621642E-017
  3.276669056996567E-017
  1.507028985333186E-016
 -1.329719513357279E-016
 -4.291864661623859E-017
 -5.884621245107351E-016
  3.936519142440874E-016
 -1.037962317397926E-016
 -2.038300084272461E-017
  4.342229700804399E-016
  7.199102425303732E-016
 -8.014422459012814E-016
 -9.436895709313850E-016
 -4.155746927136942E-015
  1.272593141976587E-014
   1.00000000000000     
  2.692480570096193E-015
 -1.054495032959401E-015
  3.105155021998493E-016
 -1.363492652117769E-015
 -1.307768945650190E-015
  1.488105493271475E-016
  2.590333118812476E-016
 -1.828398460017718E-017
 -3.229766108986609E-016
  2.037560698040059E-016
  3.959735833464709E-018
  2.095931673100705E-016
  5.403211809915214E-016
 -3.573105207909790E-017
  5.557002775616852E-017
  1.899807990334095E-016
 -1.902334197417965E-016
  3.822372086733038E-016
  2.138641948521024E-016
  4.148831309130456E-016
 -8.297720965364563E-017
  3.231147118067199E-016
 -3.156072406506350E-016
 -1.090104884950857E-016
  9.525393809940068E-017
  8.649461529157106E-017
 -9.738183664765670E-017
 -1.095579982131742E-017
 -3.056006034784186E-016
 -8.896488266229316E-016
 -7.448401659548078E-016
  1.047800084544303E-015
 -3.724552946875879E-015
  3.977395669763080E-016
 -7.632783294297707E-017
  7.184736746518330E-016
 -3.135648208099640E-015
 -2.765664216738965E-015
  2.012116601807225E-015
  -1.00000000000000     
 -3.742421953931154E-015
 -1.885644418386788E-015
  8.907805049140877E-016
  1.077172340602547E-015
  3.377923615343086E-016
 -1.801802969836149E-015
  1.710551823503641E-015
 -1.331693236424055E-015
 -2.450199388031569E-016
  2.635134500849568E-016
 -1.641705468852983E-016
 -2.905225389398571E-016
  4.047437817800302E-016
 -1.268563982333234E-015
  1.280649425508942E-016
  2.768957074055115E-016
  4.074922186209970E-016
 -2.046211352446657E-016
  7.757257217229815E-017
 -6.560125415843160E-016
 -2.906101648822809E-016
 -1.280454215001938E-016
 -2.261870855085558E-016
 -1.294019040628512E-016
  9.845906091645732E-017
  2.636072628290294E-017
 -9.271945654786770E-017
 -1.066259044669222E-015
  5.017001678331586E-016
 -4.730497060182922E-017
  1.858322523640118E-016
 -2.232209642821784E-015
 -8.617238866914822E-016
  1.214306433183623E-017
 -2.643284896519702E-016
 -1.466383438286649E-015
 -2.974833920865731E-015
 -1.481670688918687E-015
  4.310164421553188E-015
  -1.00000000000000     
  2.395653120323967E-015
 -7.242470512203171E-015
  4.904995556378589E-016
  2.577710145299382E-016
 -4.501850929310179E-016
  1.007007335600032E-015
 -5.155722161314794E-016
  1.877746976267117E-016
 -2.031954539196333E-016
  2.220948353383377E-016
  1.195307028231007E-016
 -2.116614544959935E-016
  1.803845559593149E-016
 -2.978460357318101E-016
 -3.228357669320342E-017
  5.345807058865035E-016
 -6.542456489103051E-018
  1.496828846547202E-016
 -2.001255156543968E-016
 -2.423886350308576E-016
 -7.569843830144669E-017
  9.549491538837667E-017
 -1.085032343946270E-016
 -2.598649400400159E-016
  2.000921519381466E-016
 -6.468214612216100E-017
 -6.998897106254388E-016
 -2.686482512688530E-016
  5.209811581240925E-016
 -4.657732532997687E-016
  1.454565634606557E-015
 -2.879640970121486E-016
  2.116362640691711E-016
 -3.157196726277770E-016
 -7.632783294297577E-017
 -1.221245327087671E-015
 -8.673617379885197E-018
 -1.576863639662918E-015
  2.267283583101688E-015
   1.00000000000000     
  1.021405182655144E-014
 -2.765820484756173E-016
 -4.317716930005427E-016
  1.805644421844457E-016
 -1.446765658907893E-015
  8.842582925002403E-016
  5.030900271922842E-016
  2.786263328112297E-016
  2.148429798591859E-016
 -1.021832799579604E-016
  5.575521393293038E-016
  8.253969746213206E-016
  2.909868367933547E-016
  8.053717069780866E-017
  3.237966764977300E-016
  5.017935977176218E-016
  8.769742739447921E-017
  6.571469205152915E-016
 -7.165389999143742E-017
 -5.383562669840919E-017
  1.743729732442513E-016
  3.065906541527323E-017
  1.509717455598234E-016
  6.573148867562942E-016
  5.673044236661474E-017
  2.528843154635913E-016
  4.827525247169316E-016
 -3.992805183614526E-016
  7.164407955784217E-016
  2.080800809434179E-015
  3.720981855970281E-016
  7.979727989493668E-017
  2.258609965721809E-015
  1.506607338885858E-015
  1.805847138491856E-015
  1.269817584415019E-015
  1.279250143315648E-015
 -7.464515117128203E-015
 -1.039446306805302E-014
   1.00000000000000     
  1.279461915750037E-015
  1.046526141248629E-015
  7.765930854641519E-016
 -7.663569727499736E-016
  8.459114875420123E-016
 -5.850651607457197E-016
  3.308819269902794E-019
  8.318488150134793E-017
  3.717069255186649E-016
  3.605728204257129E-016
  5.131921770599455E-017
  3.394260514800978E-016
 -1.702969146964652E-017
 -3.381145818193013E-016
  5.746418151095078E-016
 -1.395566461379604E-016
  3.412499677345424E-016
  1.733302798390565E-016
  8.064510515187289E-017
  7.162348331355661E-017
  1.515065974939774E-016
  6.137331047473698E-017
 -2.060869051048985E-016
  7.208187510316829E-017
  6.216240696153239E-016
 -1.072624952517682E-016
  1.016363060427833E-016
 -4.614364446098315E-016
  8.977193988180002E-016
 -7.042977312465854E-016
  1.856154119295170E-016
  3.729655473350125E-016
  1.456300358082530E-015
 -1.349614864309959E-015
  1.193489751472047E-015
  1.074119092281389E-015
  3.747002708109922E-016
 -9.714451465470098E-017
 -1.131039706336878E-015
  0.999999999999999     
 -2.557524789789936E-015
  1.035242265026484E-015
  1.942835366678193E-017
  9.957906755117682E-016
  1.923581344761612E-016
  5.265361827061276E-016
 -7.387268344841902E-016
 -3.565956792266751E-016
 -2.622453453122874E-017
 -1.837440593606956E-016
  3.660270313290269E-016
  4.435623333599262E-017
 -1.255855767618263E-016
 -5.649552265109506E-017
 -2.375403076329610E-016
  1.614561101445305E-017
  9.618111500498976E-017
  1.097940653202587E-016
  2.658161268088502E-016
  1.510552634367923E-016
 -2.633232794218562E-016
  5.823540938388448E-016
  5.581915604825111E-017
 -5.069462859277500E-016
 -2.310187878059122E-016
 -2.952801513803820E-016
 -1.444157293750692E-016
 -6.689527404235551E-016
 -3.920475055707583E-016
  4.128641872824803E-016
  6.242836109171537E-016
 -5.500157621018976E-016
  6.793610812794179E-016
 -6.140921104957900E-016
  5.469664434917809E-016
 -4.119968255444932E-016
  4.284766985662700E-016
 -4.310787837802354E-016
  2.803014622746610E-015
   1.00000000000000     
  4.667892719691205E-015
 -3.750408884599523E-016
 -3.859571649812302E-016
 -2.180072145215341E-016
  9.496393835138093E-017
  9.001215925703077E-017
  2.845889251714185E-016
 -4.702678563825974E-016
  3.578136543046005E-016
 -1.084556087333142E-015
 -1.963518180452402E-016
  6.574921371234007E-017
 -3.454961533337896E-016
  8.853859659414216E-017
 -4.236174598476989E-016
 -1.949087158386861E-016
 -1.526794350286715E-016
 -3.064140386650557E-016
  4.028548000850981E-017
 -7.243618145884009E-017
 -7.771672915243286E-019
 -7.232667281759156E-017
 -4.670122167688500E-016
  1.546736128129843E-016
  1.295811639392136E-016
 -1.454999315475552E-016
 -1.042026707975818E-015
 -5.312590645178962E-016
 -1.387778780781443E-016
  5.603156827405107E-016
 -3.738329090730021E-016
 -4.126473468479810E-016
  2.979387569990161E-016
  2.041349402882866E-015
  3.024924061234533E-016
  2.393918396847995E-016
  2.862293735361734E-016
  9.775695177620719E-016
  4.710869557147648E-015
  -1.00000000000000     
 -1.256336232730940E-015
 -1.363274568686553E-015
  6.596576712876767E-016
  8.592257497114619E-016
 -6.799317898432162E-016
  3.746565231498871E-016
  1.335936015174411E-016
  1.000100157028138E-016
 -4.735453784007044E-017
 -3.903483167480383E-016
 -2.224270771321895E-016
 -5.385927637578475E-016
  3.584958241149362E-017
 -3.349000342846949E-016
  3.276314953623127E-016
 -1.725396138751147E-016
 -5.692490332495278E-018
  2.222275750848759E-016
  7.382730584591060E-017
 -4.161343570361910E-017
 -2.099580238199152E-017
  2.877340196243413E-016
  8.538802472751953E-016
  7.611085040849975E-016
 -2.181414771040837E-016
  2.774364939173158E-015
  4.119968255444927E-016
 -7.459310946700174E-017
 -3.760013134179724E-016
  1.653408313040395E-015
  1.235123114895486E-015
 -5.785302792382665E-016
 -1.694662205703468E-015
 -8.046948524187393E-016
 -1.134509153288831E-015
 -1.271552307890998E-015
  8.302140215142388E-017
 -7.080632368705799E-016
  1.265534800847444E-015
  -1.00000000000000     
  5.454929088407165E-015
 -2.476196776811751E-016
  1.379235073688723E-016
 -3.847457641329352E-016
  8.379400284275235E-016
  5.253818614035609E-016
  2.314531716408468E-016
 -1.034853883760413E-015
 -1.262253669655939E-016
  6.803885083599389E-016
  1.262328273445161E-015
 -3.171695087710578E-016
  3.038079264678538E-016
  1.243386510478953E-016
 -1.652105322591636E-016
  1.122072707805819E-016
  2.126650568564042E-016
  1.220245853137612E-017
  2.528765200443058E-016
  1.567975671012865E-016
 -1.338453901219050E-015
 -9.081400708829911E-016
 -1.507781466574271E-016
  1.392115589471376E-016
 -2.869178419157013E-015
 -8.847089727481693E-017
 -6.071532165918705E-017
  2.621600853069933E-016
 -3.968179951296945E-016
 -1.591608789208709E-016
 -1.396452398161355E-016
  1.081952452977597E-015
  2.561969733583230E-016
  7.580741590018641E-016
  7.528699885739318E-016
  1.221981523955845E-015
 -1.859937028711683E-016
  1.457678879074703E-015
 -5.535769687696997E-015
  -1.00000000000000     
 -1.789656655710657E-015
 -1.635013943558354E-015
 -1.003577865539759E-015
  4.901866981709586E-016
  1.046385710501124E-016
  1.244213393070941E-016
  1.986814308351907E-015
 -3.774268632556429E-016
 -8.887799490153515E-016
 -1.002850741147990E-015
  7.494386342105637E-018
  2.414191960879677E-016
  3.172726235846558E-016
 -1.999950595036429E-016
  2.013559327602131E-017
 -5.336826437046977E-016
  1.100101356259396E-016
  1.335929485279231E-017
 -1.760369000228834E-016
 -3.829476752378250E-016
 -1.414464820012919E-016
  2.142119727785178E-016
 -1.457167719820506E-016
 -5.718082257688546E-016
 -2.949029909160570E-016
 -1.144917494144688E-016
  3.816391647148793E-017
  1.860490927985117E-016
 -1.249000902703293E-016
 -1.890848588814720E-016
 -3.312237636943214E-016
  5.707240235963690E-016
  1.144917494144708E-016
  6.765421556309550E-016
 -1.739858926524366E-016
 -4.815732052673594E-017
  3.907827608016747E-016
 -5.669851515505695E-016
 -1.848705311177810E-015
   1.00000000000000     
  1.809673641774289E-015
  1.264697629560850E-015
  5.034393163371472E-016
  2.305037337660678E-015
  3.080906596984647E-015
 -1.655854933988838E-016
 -5.250773371126341E-016
 -7.944608044459323E-016
 -1.406988453143101E-016
 -1.759268239290248E-016
  6.614951387962959E-016
  2.500964400772402E-016
 -1.406575572880580E-016
 -3.260433296457577E-016
  3.460495044068598E-016
  3.415367720188162E-016
 -1.541543283061932E-016
 -2.797708927639907E-017
  1.263609928062124E-016
 -1.114433437720490E-016
 -3.761702722372306E-016
 -2.142383492831352E-016
 -1.324027693039298E-015
 -2.853620117981858E-016
  2.315855840429035E-016
  4.766152750246265E-016
 -1.266348137463069E-016
  8.196568423990474E-017
 -5.065392549852271E-016
 -6.919920365888704E-017
  2.714842239903698E-016
 -4.041905699025949E-016
  6.591949208711861E-017
  4.818236728547300E-016
 -2.508607022579379E-016
 -5.279354407640950E-016
  2.006322346906460E-016
  1.336507424704346E-015
  1.408303711311897E-015
  -1.00000000000000     
  2.527193670260610E-015
  1.127423435484224E-015
  9.732894319058840E-016
  1.534969044919304E-015
  2.473708256949030E-015
  7.268032457632582E-016
 -1.071726476797768E-015
  6.806718544246833E-016
  5.563722363574363E-017
 -1.158058972776778E-016
  4.242542838775164E-016
  2.104232398020065E-016
 -8.567158479183495E-017
 -2.684587174430437E-016
 -1.857584219413754E-016
 -4.514919398906606E-017
 -8.344259669400372E-017
  5.430705702353074E-016
  6.352040912737078E-017
 -1.512048356716284E-016
 -9.020562075079338E-017
  6.246088715688976E-016
  2.172741153660926E-016
 -1.717376241217051E-016
  4.336808689934912E-019
  7.372574772902145E-018
 -3.903127820949964E-018
 -4.965645949983623E-016
 -8.321251673827202E-018
  6.787105599759355E-017
 -1.990595188683399E-016
  9.714451465470296E-017
 -3.623932318336917E-016
 -2.341245329960935E-016
  1.065529593169484E-015
 -5.677515881151535E-017
  8.581487785458563E-016
  1.818128714009733E-015
 -2.881645714722235E-015
 -0.999999999999999     
 -5.747482719569053E-015
 -2.551161723554490E-015
  1.637814311268296E-015
 -3.345194685848726E-015
  6.232677447424304E-016
 -8.208045981696689E-017
 -6.754649770221908E-016
 -2.567966473978251E-016
 -1.305583758920446E-015
 -7.183488762309497E-016
 -1.666018735206901E-017
 -1.347253237971692E-016
 -1.485951919328052E-016
 -2.620416988935336E-016
  7.322486887374922E-017
  6.974166232946062E-017
  2.017951880042127E-020
 -6.054702309121186E-016
  5.054091505465884E-016
  7.806255641895496E-017
 -8.239936510890344E-017
 -6.210310043997033E-016
 -3.469446951954832E-017
 -2.359223927328433E-016
  2.341876692569882E-017
 -3.452099717193858E-016
  2.896988204881376E-016
  3.274290560906099E-017
  2.181414771040747E-016
  1.387778780781399E-016
  3.816391647148912E-016
 -1.055641966499417E-015
  3.027572720697120E-018
  5.757299438119578E-017
 -1.290564231311844E-015
  1.280530583328136E-016
  5.125973414838123E-016
 -6.893410312966936E-016
  5.484993890894029E-015
  -1.00000000000000     
 -3.260289263527458E-014
  4.183969601375284E-015
  1.463194679711471E-015
  6.888862996472911E-016
 -5.389856242419669E-016
  2.569289800536615E-016
  9.535330609100116E-017
  2.589044038073770E-016
 -5.494117315699775E-017
 -2.572189007351540E-016
 -9.857693899304731E-018
  1.877612377682949E-016
  1.293187889245840E-016
 -6.116541602727029E-017
 -2.218436363793547E-017
  6.569575729838019E-017
  2.587888004190679E-016
  1.794826230056507E-016
 -9.280770596476047E-017
 -5.529431079675882E-017
 -4.059252933785683E-016
 -3.573530360512185E-016
  3.586540786582062E-016
  2.808083626737500E-016
 -1.760744328116392E-016
  4.718447854656970E-016
 -2.932495826030114E-016
 -2.797241605012698E-016
  3.053113317719211E-016
 -1.040834085586257E-017
 -2.303967299549105E-017
 -2.645624084364978E-016
 -2.180514701623974E-016
 -5.631763066957191E-016
 -5.551737871792811E-016
  2.086223496296385E-015
 -1.328248611802200E-015
  2.736374912789954E-015
  3.289806821295453E-014
  -1.00000000000000     
  1.586252517745908E-014
  3.924779689974502E-015
  4.623541724256099E-015
  1.825696291565727E-016
  1.235509612040508E-015
  6.295149363508920E-016
  7.604968651351500E-017
 -4.498670122718052E-016
  1.250154793050750E-016
 -1.267568869831308E-016
 -3.154841296101422E-017
 -4.586769192392487E-016
 -3.067933214710156E-016
  6.122587348288077E-017
 -4.091147691386408E-016
 -9.450108419212738E-017
  5.656146539650087E-016
 -3.447762908503759E-017
  7.383416794626590E-017
 -1.153591111524534E-016
  2.775557561562964E-016
 -1.392115589471411E-016
  5.258380536554183E-017
 -8.716985466783345E-017
 -2.840609691912296E-017
 -1.204711243957268E-015
  2.525106859718764E-016
 -5.325601071248761E-016
  3.816391647149081E-017
  4.643725804252976E-016
 -9.794979760025144E-016
 -2.514210449347455E-018
  6.634238824909725E-016
  2.896840090716882E-016
 -3.153871834915364E-015
  1.685226977170126E-015
  2.272691996051279E-015
  3.838398769588990E-015
  1.565034880912505E-014
   1.00000000000000     
  4.090854590694802E-016
 -6.477301955494894E-016
  2.582297960883289E-018
  8.729252038131528E-016
  1.503619815481876E-018
 -7.713843415852578E-016
 -9.174618642261545E-016
 -3.879190124764495E-016
 -9.938095985006073E-017
  7.002997338087856E-018
  2.074418941793680E-016
  4.966590097606527E-016
  3.475785334066904E-017
  3.640113538863232E-016
  1.651407285882053E-016
  2.828104303306236E-016
  1.496198998029982E-016
 -8.762521958027820E-016
 -3.382710778154758E-016
 -7.806255641889024E-018
  2.194425197110619E-016
 -3.760013134179671E-016
 -2.888314587501364E-016
  6.938893903905715E-018
  1.876753960572398E-016
 -2.326697862153861E-016
 -3.137681087173064E-016
 -8.005748841633022E-016
 -5.566879996611903E-016
  6.186434019316183E-016
  6.909892250913376E-017
 -9.093936604192682E-016
  2.078965693616821E-015
  6.514804752507057E-016
  2.532136599237313E-015
 -2.976844995353645E-015
  1.621159797318242E-015
  3.665431652674835E-015
  2.246082097655121E-016
   1.00000000000000     
 -5.317876842262661E-015
  1.419301052853339E-014
 -1.117284129339533E-014
  4.005098141564204E-015
 -1.530153717097860E-015
  6.514798294924653E-016
 -2.805748952019737E-016
 -4.679702534253655E-016
  5.067873147084959E-016
  2.613044410582661E-016
 -1.544578340197359E-016
 -1.448582723673994E-016
  6.911011078978796E-017
 -9.673810081656553E-017
  2.127877401390208E-016
  2.873135757086642E-016
  2.085462878775819E-016
 -2.537033083615842E-016
  6.201636426613841E-017
  2.853620117981974E-016
  1.409462824229453E-017
 -2.541369892305986E-016
  7.632783294297415E-017
  1.942348192007848E-016
 -5.603156827405161E-016
  1.710871028182089E-016
  4.137315490204751E-016
  2.589035561584137E-016
  1.380575017746518E-016
 -5.759501509977050E-016
 -2.896958303304185E-016
  1.150449762902611E-016
  2.385041772126107E-016
  2.180906502129508E-016
 -6.810208647600100E-017
  1.743546482441221E-017
  4.002419472040992E-015
  4.625468594630322E-016
  5.406238662191917E-015
   1.00000000000000     
 -8.397608659591870E-014
 -2.935191681863673E-015
  1.092680188149253E-015
  3.277748521704097E-016
  7.219599154608009E-016
  1.894743711504676E-016
  3.384032758999120E-016
 -7.167255590915669E-017
 -1.567274446524276E-017
 -6.366340589250925E-016
 -1.070195263650751E-016
 -1.349178915637402E-016
 -3.187007108656984E-016
  2.932926068476309E-016
  2.467644144577107E-016
 -8.456776945371837E-018
 -1.500535806720074E-016
  2.307182223049126E-016
  1.127570259385852E-017
 -3.035766082956037E-018
 -7.741203511547584E-017
 -1.079865363795605E-016
 -1.849377855717213E-016
  7.469068766252381E-016
 -7.979727989492399E-017
  3.295974604357721E-017
  7.978507867799794E-017
 -3.328002054323972E-016
 -2.343932117846027E-016
  4.049465575757976E-016
 -9.777725978283569E-016
  1.210675818766544E-015
 -8.798014573339148E-016
  3.992139094894458E-016
 -1.195552569312711E-016
  4.456294365614175E-016
  4.922648065618117E-016
 -1.366281480139608E-014
  8.390739477161268E-014
   1.00000000000000     
  8.577890746359840E-015
 -6.855366956810824E-016
 -7.713619598737844E-016
  1.321168022914454E-016
 -2.990601310408502E-018
 -1.238793356046591E-016
 -2.211353137008219E-016
  1.922609173822491E-016
  6.478939861418995E-016
 -5.210612555012911E-018
 -3.497782886453647E-016
 -2.912481053676639E-016
 -4.386827412487417E-017
  1.816241926820560E-016
 -5.469524674481523E-016
  2.640201696591653E-016
 -1.782225083658785E-016
 -8.488964197383992E-018
  2.809083125615228E-016
 -1.609362599783175E-017
 -3.030311190779099E-016
  1.555592948291467E-016
 -7.466087210278175E-017
  5.518080838182990E-017
 -6.376464026929502E-018
  1.447066073646450E-016
  3.344529923158563E-017
  3.150701852132546E-016
 -1.375721816779376E-015
  1.074506203743827E-015
 -6.647190175981101E-016
 -1.817945416274945E-016
 -2.858344069416966E-016
 -1.960155594259075E-016
 -6.383606294568076E-016
  8.488926976629942E-016
 -1.101444439902208E-014
 -2.725102746757405E-015
  8.271901281562188E-015
  -1.00000000000000     
  1.508356666865011E-015
  1.351607090351633E-015
 -1.404200369503322E-015
 -7.119744356291972E-017
  2.495340781140994E-017
  3.430551838976049E-016
 -8.849275367543780E-017
 -3.484773532821632E-016
 -3.093456744933917E-016
  2.040184425342190E-016
  1.251414758790209E-016
 -1.605161215291227E-016
  2.849188506121876E-016
  2.352618105866582E-016
  7.112728411856022E-017
  5.019340394213555E-017
  8.395719921620550E-017
 -2.418330734248040E-016
  1.405908172712999E-016
 -5.284345214858983E-016
 -3.724977358048683E-016
 -1.993745807967187E-016
 -2.574208133375750E-016
  1.144929116032313E-016
 -1.391806748936853E-016
  2.303889352859326E-016
  2.255981781417621E-016
  4.245385185524968E-016
  1.717520118637276E-016
 -1.887423638327793E-016
 -3.215785303866707E-016
  5.137969551375987E-016
 -3.046908159281560E-016
 -5.298300971884146E-016
 -2.468250368704358E-016
  4.057367054633343E-015
  1.164941825719463E-015
 -8.934307090615335E-016
 -1.529272850741444E-015
  -1.00000000000000     
  1.834572147277870E-014
 -6.015134478576480E-015
  5.562017646549916E-016
 -3.493674723252612E-016
  1.613377979645882E-016
 -4.774632564398459E-016
 -3.223120076156728E-016
  1.267152197800436E-016
  7.353423067349938E-017
  3.582027325515611E-018
 -3.907524009586216E-017
 -1.945542982736363E-016
 -6.781300192896487E-017
 -2.835179846760679E-016
 -9.165377825690019E-017
  1.632815031303868E-018
 -3.471209831003242E-016
  1.001804205311845E-016
 -7.776286474704747E-018
 -1.127956801402133E-016
  2.463499944892718E-016
  1.152426741075119E-016
  1.056869527699603E-016
 -2.010379994423481E-016
  2.793394729752978E-016
 -3.415806709217909E-016
 -4.180677849363042E-016
  4.888362604850890E-016
 -7.214773928434934E-016
  4.849515314813188E-016
 -9.443060758456207E-016
  5.160153762154405E-016
 -2.209035216777243E-016
  3.296461110633229E-016
  1.282540985429742E-015
 -5.966812406949584E-017
  2.515523758868687E-016
  1.029841204064113E-015
  1.806222342323754E-014
   1.00000000000000     
 -2.545679595941657E-015
 -2.561166542334817E-017
  2.263509697169803E-016
  2.954213496737961E-016
 -4.190326800156223E-017
  4.450989773536688E-017
 -1.362201486315694E-017
  1.224361191363442E-016
 -5.908521373146959E-016
 -1.138270679904707E-016
  1.167955164059994E-016
 -2.101975622932523E-016
 -2.390802148308026E-016
 -1.765676351030526E-016
 -9.354036867960602E-017
 -1.970891598052212E-016
 -1.189927825882696E-016
 -3.758192487679478E-016
  2.702234924993680E-016
  2.017001803998030E-016
  2.769547056882643E-016
  1.347919271569277E-016
 -1.776826018323675E-016
 -3.016956224168039E-016
 -4.869355525644063E-017
  3.035325866517761E-016
 -8.621717332947270E-016
  7.860387554579039E-016
 -4.731784910119864E-016
  2.449824865662073E-016
  1.839102940748457E-016
  4.569846048751853E-016
 -6.080803735619905E-016
  1.002681815817622E-015
  4.401018945019073E-016
 -4.632417772836615E-016
  1.015045479882652E-015
  5.475410706431982E-015
 -2.978303367817677E-015
  -1.00000000000000     
  1.414217979718341E-016
  1.711979874728674E-016
 -4.085489688244999E-017
  2.648841079158889E-016
 -1.881426013685239E-016
  2.699883904412545E-017
 -3.125421711247969E-017
  6.665628246653435E-017
 -2.575719887451898E-016
 -3.696504273953196E-017
 -1.927685968808832E-016
  1.559614050376657E-016
  2.842354826657832E-017
 -6.534047051790414E-017
 -8.836062138247853E-019
 -1.328134557454057E-016
 -2.545743366145065E-016
  7.020605788652246E-017
 -4.388166943266206E-017
 -2.262516523224996E-017
  2.577879890880195E-016
  1.025344396969810E-016
 -1.221381712891183E-016
  1.827840519613139E-016
 -3.306646353793016E-016
  4.627150345475533E-016
 -3.688935479301370E-016
 -1.086065228221767E-018
 -1.082367655150431E-016
  3.089769911512163E-016
  1.831904560290647E-016
 -4.449007727203571E-016
 -1.513481223660863E-016
  5.277595471060268E-016
 -8.513050559790498E-017
 -3.388670188538637E-016
  1.826281943876639E-016
 -2.131378091904626E-016
  6.842323994539831E-017
   1.00000000000000     
  8.105938625021501E-015
  1.268597225832167E-015
 -1.977651228356525E-015
  1.369164387472802E-015
 -2.775102975262756E-016
 -1.006079232218512E-016
  9.247874260180741E-017
  2.599266742049306E-017
  2.792914660054663E-017
 -5.478479779208616E-016
  6.237543210218806E-018
  3.036747920117564E-017
  2.920174687374724E-016
 -4.047348883887054E-016
  5.000927113264867E-018
 -1.290682907158658E-016
 -2.859580777317582E-016
 -2.110913190771826E-016
 -7.023122472371382E-017
 -1.776677077341156E-016
  4.691809128620420E-017
  6.039574163630723E-018
 -6.553478112675477E-017
  1.620732962956965E-017
 -2.048654856379342E-016
 -3.122776921050936E-016
  1.441904742611377E-016
  2.354608305755036E-017
  7.643010026622322E-017
  2.875622155392129E-017
 -2.160534156925375E-016
 -2.041732296643068E-017
 -1.026987007934381E-016
 -1.438961751794431E-016
  7.431550193143145E-017
 -1.238550183128059E-016
  2.833939651765885E-016
  3.259088789225240E-016
 -8.295622773361670E-015
  0.999999999999999     
 -4.809261941525369E-014
  1.557445646809464E-015
 -6.881160152390729E-016
 -2.623939198725246E-016
 -2.897278380685308E-016
 -9.481324155876099E-017
  1.195257977003574E-016
  1.600751508754189E-016
 -1.355909361284082E-016
  3.835589108025746E-017
  2.193267547838279E-017
  2.218695297949383E-017
 -2.765857958556603E-017
  7.448917382866938E-017
  1.143048787384085E-016
  5.719678247216950E-017
 -4.548274695584340E-017
  1.434162930300319E-016
  1.458348949300097E-016
  2.595580591408879E-016
 -4.254564094481435E-017
  2.743876687015734E-017
 -2.687853802437117E-016
 -4.256209294522432E-017
  2.437060503568802E-016
  7.663671351351086E-017
  9.344657153049148E-017
 -3.562697664440227E-016
 -3.562802743824594E-016
  3.964365411868737E-018
 -3.172215371275325E-016
  1.747900514725626E-016
  6.285837134694210E-017
  5.179376969632759E-016
  4.258998632564787E-018
  7.403834431838152E-017
 -2.497841351538039E-016
 -7.787085904907725E-016
  4.779179047595952E-014
   1.00000000000000     
 -9.918744057102562E-015
  2.825105609844760E-015
 -5.326452442179077E-016
  2.707126803416623E-017
 -1.456440962233982E-016
 -2.073598397118276E-016
 -2.477116219425245E-016
 -3.255721427174167E-016
 -5.007441099640237E-017
 -1.986854595423342E-016
 -1.491195608579804E-016
 -2.040991433052462E-016
  3.260391983135945E-017
 -1.314626178786264E-016
 -6.212681596704341E-018
 -1.876166136797259E-016
 -3.629156692829922E-016
 -3.271818619035962E-018
  1.089276793514955E-017
  1.510241743730805E-016
 -1.069591289872681E-016
  3.443927198603900E-016
 -3.015891510643444E-016
 -2.689645758827925E-016
  1.097769114181359E-016
 -3.580472347720171E-016
 -1.559135955019812E-016
  1.467284692465586E-016
  5.104982244259349E-017
  1.820672209576666E-016
 -5.359462367929534E-017
  2.075002069442518E-016
 -6.300741156638682E-016
  1.589758215931581E-016
  2.834124436549573E-016
 -2.437848350436424E-016
 -2.074827584375348E-015
  1.625319800536939E-015
 -9.376562081876499E-015
  -1.00000000000000     
 -1.261347338694514E-015
 -4.000423276239795E-016
 -4.146778088181827E-016
 -9.526576496657343E-017
 -1.581388822775750E-016
 -4.468396036430225E-016
 -2.991253269400385E-016
  2.720308434879795E-016
  1.307367802571495E-016
  2.818797415055576E-016
 -1.566612133862688E-016
 -1.439892675002206E-016
 -6.654870899741987E-017
  2.266955649868035E-016
 -2.117172098824485E-017
 -4.669609611640392E-016
  1.603280861462538E-016
 -4.169109010319213E-016
 -3.415577821767487E-016
 -1.311322836256254E-016
 -5.421476614789548E-016
  1.493904636686196E-016
 -3.428068195273527E-016
  2.086187214835701E-016
  1.469759540177263E-016
  1.507385678759683E-016
  2.235264723722745E-017
 -1.483732691307307E-016
  1.669023558661176E-017
  3.393389259579457E-016
 -4.777323486156211E-016
  1.606309840603873E-016
 -2.109627694853606E-017
 -9.701056341714756E-017
  1.727178538148614E-016
  1.128009022451605E-015
 -1.088213720523701E-015
  2.635261800443267E-015
  1.227411810075335E-015
  -1.00000000000000     
 -8.202415521307522E-017
  1.023861714513566E-017
  4.874466980961367E-017
  2.493856045828685E-017
 -3.910107621212187E-017
  1.853625629136810E-016
  2.891287750608435E-017
 -1.434178211828531E-017
 -3.491200697075062E-017
  1.142825249847990E-016
  4.291864661623919E-017
  1.095579982131708E-017
 -9.271945654786787E-017
 -6.468214612216153E-017
 -5.673044236661403E-017
 -7.208187510316937E-017
 -5.581915604825074E-017
  7.232667281759222E-017
 -2.099580238199177E-017
  1.567975671012860E-016
 -1.760369000228847E-016
  2.797708927639862E-017
 -8.344259669400353E-017
  6.974166232946030E-017
 -2.218436363793687E-017
  6.122587348288046E-017
 -3.475785334066986E-017
  1.448582723673969E-016
  1.070195263650737E-016
  5.210612555008537E-018
 -3.093456744933942E-016
  1.267152197800448E-016
  1.362201486315505E-017
  2.699883904412607E-017
  2.775102975262721E-016
  2.623939198725527E-016
  5.326452442178917E-016
 -4.000423276239845E-016
 -8.202415521307414E-017
   1.00000000000000     
