[[[-1.30423798  1.95858781  3.08376667]
  [-2.03649793 -2.36313516  2.93995789]
  [-3.07913368  0.01400333  2.86207022]
  ...
  [-2.00264275  3.70278917  2.74812356]
  [-3.32219876 -3.75736324  2.74897968]
  [ 4.26853792 -1.16576079  2.70676981]]

 [[-1.30436118  1.95899361  3.08371475]
  [-2.03590841 -2.36312963  2.93992691]
  [-3.07905616  0.01480692  2.8620795 ]
  ...
  [-2.00340955  3.70375595  2.74799165]
  [-3.32146074 -3.75691511  2.7489801 ]
  [ 4.26811662 -1.16802374  2.70674694]]

 [[-1.30411217  1.95818345  3.08381824]
  [-2.03708466 -2.36314117  2.93998884]
  [-3.07920772  0.01319993  2.86206085]
  ...
  [-2.00187493  3.70182315  2.7482553 ]
  [-3.32293484 -3.75781107  2.74897944]
  [ 4.2689524  -1.16349894  2.70679267]]

 ...

 [[-1.30433803  1.95874248  3.08137277]
  [-2.03649878 -2.3630611   2.94187731]
  [-3.07924929  0.01395757  2.86164311]
  ...
  [-2.00239647  3.70264358  2.74297435]
  [-3.32243175 -3.75758253  2.75507548]
  [ 4.2684921  -1.16569111  2.70631178]]

 [[-1.304145    1.95874309  3.08271568]
  [-2.0364323  -2.36312363  2.93918411]
  [-3.07925351  0.01402652  2.86424122]
  ...
  [-2.00282574  3.70250878  2.7451873 ]
  [-3.32221295 -3.75709565  2.74684552]
  [ 4.26890287 -1.1658496   2.71408834]]

 [[-1.30423798  1.95858781  3.08376667]
  [-2.03649793 -2.36313516  2.93995789]
  [-3.07913368  0.01400333  2.86207022]
  ...
  [-2.00264275  3.70278917  2.74812356]
  [-3.32219876 -3.75736324  2.74897968]
  [ 4.26853792 -1.16576079  2.70676981]]]