[-413.52681408 -413.52679899 -413.52679364 -413.52679768 -413.52679059
 -413.52679229 -413.52679356 -413.52680318 -413.52679837 -413.52679442
 -413.52679451 -413.52679873 -413.52680389 -413.52678635 -413.52677589
 -413.52680011 -413.52679149 -413.5267942  -413.52680393 -413.52678762
 -413.5267988  -413.52678886 -413.52680334 -413.526804   -413.52680701
 -413.52679485 -413.5267973  -413.52679841 -413.52680986 -413.52680225
 -413.52681024 -413.52680141 -413.5268015  -413.5268008  -413.5268061
 -413.52679839 -413.5268028  -413.52680346 -413.52680974 -413.52679892
 -413.52680879 -413.52681347 -413.52681138 -413.52680927 -413.52680723
 -413.52680686 -413.5268124  -413.52680788 -413.52680357 -413.52681167
 -413.52681107 -413.52681356 -413.5268146  -413.52681209 -413.5268146
 -413.52681321 -413.52681347 -413.5268137  -413.52681564 -413.52681348
 -413.52681176]