[[[ 0.00000000e+00  0.00000000e+00  0.00000000e+00]
  [ 0.00000000e+00  0.00000000e+00  0.00000000e+00]
  [ 0.00000000e+00  0.00000000e+00  0.00000000e+00]
  ...
  [ 0.00000000e+00  0.00000000e+00  0.00000000e+00]
  [ 0.00000000e+00  0.00000000e+00  0.00000000e+00]
  [ 0.00000000e+00  0.00000000e+00  0.00000000e+00]]

 [[-4.87582727e-04  7.27563900e-04  1.33281134e-05]
  [ 8.59822399e-05  4.09635632e-04 -5.26779582e-05]
  [ 2.32039748e-04 -5.19219601e-04  5.67564624e-06]
  ...
  [ 4.70112157e-05 -3.23197247e-04  9.76778525e-05]
  [-7.77576727e-05 -1.54784401e-04 -9.29119433e-07]
  [ 2.97131893e-04 -8.35436101e-05  9.25479646e-05]]

 [[ 3.83904003e-04 -6.90932727e-04  5.48404321e-07]
  [-1.05466831e-04 -3.33778916e-04 -9.75786612e-05]
  [-2.13439035e-04  4.34400368e-04 -2.81527085e-05]
  ...
  [-3.82200421e-05  3.18522395e-04 -8.60228405e-05]
  [ 7.66100666e-05  1.36951783e-04  6.13264644e-05]
  [-2.72829096e-04  6.46303482e-05  1.07486929e-04]]

 ...

 [[-4.80264085e-05  7.49078572e-05  6.59591237e-06]
  [ 4.13353870e-05  1.10811538e-05 -8.82547679e-05]
  [ 6.85607962e-06 -4.43353991e-06  5.50323978e-05]
  ...
  [ 2.81038212e-06 -3.32928977e-05  3.89288388e-05]
  [-4.58472244e-06 -1.86227905e-05 -1.69291756e-05]
  [ 6.48318726e-06 -5.45324343e-06  1.12681673e-04]]

 [[-1.01767037e-05  2.18254382e-05  1.16200991e-06]
  [ 1.55743159e-04 -4.50213257e-05 -4.41426947e-05]
  [-1.09143445e-04  8.58743315e-05 -1.02711600e-04]
  ...
  [ 1.20271346e-05 -1.31659427e-05  3.82267117e-05]
  [-3.98685817e-06 -2.06970767e-05  1.24110758e-04]
  [-4.89453547e-06 -3.23853943e-06 -6.87914134e-05]]

 [[ 1.18435312e-05 -1.46583424e-05 -1.14912610e-05]
  [-1.39405076e-04  2.77694962e-05  3.51333199e-05]
  [ 9.20953938e-05 -6.63744118e-05  8.45339582e-05]
  ...
  [-1.28860136e-05  1.03205550e-05 -3.61472519e-05]
  [ 4.60592138e-06  5.20419714e-06 -9.50608990e-06]
  [ 1.46826224e-05 -1.85961183e-06  2.41367167e-04]]]