[ 6.33437637e-01 -7.03904010e-02  7.70729790e-01  1.27784549e-02
 -7.29201278e-02  2.00369049e-02  1.22894686e-02 -2.65480410e-02
  8.08193742e-03  7.88894002e-01 -1.54753780e-02 -7.32019536e-02
  7.46091605e-04  7.24694771e-02  7.42827570e-01  3.91802900e-03
  1.21942629e-02  7.09817012e-03  6.29190718e-03  4.56682888e-02
  3.64884491e-02 -1.37056468e-01 -4.74219394e-02 -6.52850404e-03
 -1.66750042e-01  4.82416958e-02  1.29420783e-02  9.23894437e-01
 -2.15409899e-02 -1.92667358e-01  7.21979985e-03  3.99236144e-02
 -2.44594428e-01 -9.64817949e-03 -1.02647853e-01  5.81178254e-01
 -1.53928045e-02 -1.92894705e-02 -2.87243977e-02  2.69277343e-03
  2.30598182e-04 -3.10243474e-02  3.13871393e-02 -7.88996230e-05
  1.97873347e-01 -2.93405418e-03  5.49564959e-04 -1.10678538e-02
 -3.22815224e-01  3.86421410e-02  3.90167295e-02  5.95353621e-03
  1.92261081e-02 -8.67952317e-03  6.24260631e-01  2.81763946e-03
  1.58731298e-02 -1.84547018e-02  2.72861526e-02 -1.09241562e-01
  1.49025850e-02  5.93197469e-02 -3.45117916e-02 -1.13819969e-02
  5.16044764e-03  7.49528846e-01 -1.51609684e-03 -1.19969219e-02
  8.79321291e-03  5.92249491e-02 -1.16123878e-02 -7.94280825e-03
 -3.54011610e-02  1.92102335e-02  2.60549558e-03 -6.99189042e-02
 -6.81421002e-02  1.01307842e-01 -2.85432956e-02  3.30178392e-02
  9.12346051e-03 -2.54853551e-02 -3.78399613e-02 -1.63518947e-02
  1.16500920e-02  1.32735630e-02  2.47860894e-03 -2.07732458e-01
 -1.17972609e-01  3.33238401e-02  7.52308212e-01  8.77920511e-03
 -1.66479469e-02  1.03281651e-02  3.21075278e-03 -1.51821365e-02
 -1.39378321e-02 -1.29616682e-02  2.64408407e-02  6.51649061e-03
 -8.63425887e-02 -1.87582649e-01  3.75969114e-02 -5.44974798e-02
  5.93427373e-01  6.47488185e-03 -2.45128687e-03 -9.39187878e-03
 -1.45219446e-02  2.28892915e-03 -1.01626588e-02  5.06434859e-03
 -6.73038754e-03  2.30429458e-02  1.87245453e-02  4.33033400e-03
 -4.15734850e-02 -2.83639632e-02 -9.81244331e-04  8.58777200e-02
 -2.41361977e-01  3.04087423e-02  1.90543970e-02  1.32965808e-02
  4.18170336e-03 -1.91374666e-03 -6.27008435e-02 -1.23515070e-02
  8.19283262e-03  2.16032107e-02 -1.24405927e-02  3.60271096e-03
 -1.54448570e-01  9.63275954e-02  3.27398669e-03  5.25661260e-01
  4.52533166e-02 -1.32713249e-01  6.74272116e-03  4.40357736e-02
 -2.25860197e-03 -2.49682219e-02 -5.01137569e-02  5.12709800e-02
  1.94436726e-02 -7.40666219e-02 -1.25011246e-01  4.09415403e-02
  1.38465537e-01 -2.64702176e-01 -1.85374669e-02 -3.05615284e-02
  7.51290772e-01  2.87850787e-02  8.44689674e-03 -1.17998332e-02
 -2.79064245e-02  4.32059364e-03  9.41235566e-03  2.68711370e-02
 -1.36674483e-02 -6.17618169e-02  4.12686940e-02  4.34612170e-02
 -3.92409964e-02 -2.16127155e-02 -3.72305382e-02 -6.08977638e-03
 -3.30564887e-02 -1.51045362e-02  1.48844778e-01 -4.65164207e-02
 -2.87075118e-02  2.22916970e-03 -1.50030983e-02  7.00545994e-03
  8.93435622e-03  9.84821223e-03 -1.43545961e-02 -7.41822618e-03
  7.13837672e-03 -4.71668557e-03 -2.16144470e-03  1.14106294e-02
  7.71232118e-03 -1.04879818e-02 -8.95743788e-02 -1.20469524e-01
  1.12259064e-02  1.25943725e-01 -2.20901235e-02  1.37886270e-02
 -2.46420396e-03 -2.79001210e-02  1.51088428e-02  1.51758219e-02
  2.35719171e-02 -3.50460640e-02 -8.89056812e-03  2.98440286e-02
  7.01278425e-03 -3.25279886e-02 -2.34489961e-02 -4.99200936e-02
  1.16363267e-02 -1.03212844e-01 -2.55615003e-01  1.86498959e-02
  1.41079253e-01  2.86146073e-01  3.70389425e-03  8.55903880e-04
  3.45255982e-03  1.53421985e-02 -2.82670887e-03 -3.07495800e-03
 -1.56637925e-02  6.90490929e-03  1.97412780e-02 -2.05114228e-02
 -1.82047300e-02  2.77241037e-02  1.13111462e-02  1.41976467e-02
 -1.18880981e-02  3.53559204e-03  1.05676084e-02 -5.83186788e-02
 -5.48751618e-03 -1.01735936e-02  3.70262500e-02 -7.53921734e-02
 -3.06400730e-02 -7.21225558e-03 -2.98750539e-02  5.11698919e-02
 -2.08876212e-02 -6.08029356e-01  1.01588324e-01 -1.92963191e-02
 -1.05022615e-02 -5.55593333e-03  2.18386306e-02 -9.71975965e-03
  3.24750003e-03 -1.95223074e-03  7.97171635e-03  1.76353148e-02
 -2.02265211e-02 -7.22404042e-03 -1.76540863e-02  9.36600233e-03
  7.30474502e-01 -5.35967058e-02  1.87719389e-02  7.16979729e-04
  7.06947685e-02 -1.88729363e-02 -7.73253924e-03  1.00370574e-01
 -1.03926349e-01  1.41045685e-02 -3.54030558e-03  6.12743072e-03
 -4.69842264e-03  2.17668140e-04 -6.37189693e-03  1.13176707e-02
 -2.46263538e-03 -2.10805767e-02 -4.99649534e-03  9.65343575e-03
  1.23082057e-02 -1.43547460e-03 -1.25819420e-01  9.74887047e-02
 -9.30913115e-03  1.94344430e-04  1.07493787e-02 -1.26710151e-02
  5.37630655e-03  7.60604370e-03 -2.59642651e-02  3.57766908e-03
 -8.51192271e-02  8.93394895e-03  8.86671134e-03 -6.02507874e-03
 -3.05201078e-03 -5.63613271e-03 -5.33347047e-03 -3.82798988e-03
 -1.04281182e-02  3.35870198e-02  4.09177445e-03  5.75016592e-03
 -1.35155870e-02  4.04740561e-02 -9.13257933e-03  4.93470223e-02
  1.32370673e-04  1.92728902e-03 -6.72574739e-04 -1.00090278e-02
  3.76184228e-02 -2.06717013e-03 -4.20485107e-03 -6.32370434e-03
  4.55838331e-04 -7.88627557e-02  7.03738044e-02 -4.29319523e-03
  1.16668716e-02 -1.97925601e-02  1.26682993e-03 -1.39358530e-03
 -3.32202501e-03 -6.14951702e-05 -1.00557977e-03  1.70793438e-04
  1.56746954e-04 -3.22194561e-03  1.86907063e-03 -3.97710724e-04
  8.31285545e-02 -1.66608161e-04  2.48972415e-04 -1.00178220e-03
 -3.83011754e-03 -4.62693824e-03  1.45394713e-03 -3.81639427e-03
  6.58710428e-03 -2.64636436e-03  8.56790771e-02 -3.46291352e-01
  2.89271927e-02  4.51080079e-03 -1.82649290e-02  1.37743137e-05
 -2.35897086e-03  2.88299055e-03  1.35244366e-03 -7.59934640e-04
 -1.20890354e-03 -2.03494473e-05  3.95402548e-03 -1.34596312e-03
  1.47746960e-03 -8.34205152e-02  3.61293387e-01 -1.01435196e-03
  2.00325403e-03 -1.96933906e-03 -4.93871555e-03 -3.48267185e-03
 -3.87226738e-03  5.91963197e-03 -1.21238763e-03 -6.31931695e-03
  4.17157144e-03  4.28281956e-02 -2.33133992e-02 -7.73677564e-03
 -1.15959749e-02  2.75340771e-04  7.37872419e-04 -4.72938481e-03
  2.27293127e-03  3.44836413e-04  5.61798642e-03  2.97631023e-03
 -3.61733188e-03 -1.80657137e-04  6.72213729e-03  5.61394862e-03
 -2.99268216e-02  1.91867920e-02 -1.15478796e-01  1.27509231e-01
 -2.78072051e-02 -2.03324068e-03 -7.21181624e-03 -8.06590891e-04
  1.74058715e-02 -2.57626839e-02  5.18284297e-03 -2.37315503e-03
 -1.50156987e-03 -2.17751696e-03 -5.05474029e-03 -1.76290927e-03
  2.97661769e-03 -1.06800956e-02  3.62294646e-02 -4.23257355e-03
  3.52942701e-03  1.07622674e-03 -1.25042887e-03  1.08094229e-05
  8.46985775e-03  3.76137472e-04  7.94424055e-04 -9.06318246e-05
  6.50441075e-04  1.15271229e-01  1.23173674e-01 -3.94419724e-01
  6.84908962e-02 -5.67979666e-03 -3.09063742e-03  1.28372179e-03
  1.65050688e-02 -2.36904631e-02  1.21886888e-03  5.51569416e-04
  1.55975821e-03  3.38219565e-04 -1.78509932e-03 -9.88166693e-04
 -2.13100275e-04 -1.32929380e-03  2.09152248e-03 -5.34408553e-04
  1.55952276e-03  2.85408888e-03 -6.25481484e-04  2.92208869e-03
  7.25738371e-03  1.33065307e-03  4.13193710e-04 -7.71486961e-04
 -1.24872109e-04 -1.36823770e-01  4.10956842e-01 -2.66555663e-02
  8.75001090e-02 -6.68054177e-03  2.92908795e-03 -1.68644434e-03
 -8.14045723e-04 -4.15116339e-03 -7.27424701e-03 -8.92260570e-03
 -4.57309616e-03 -8.17376872e-04  9.57318728e-04  2.12359337e-03
  1.35422562e-03 -2.77707388e-03  2.65100686e-03 -3.84639300e-03
 -1.81034459e-02 -2.37836887e-03 -2.24935480e-03  3.74008746e-03
  2.49542535e-03 -1.35860599e-03 -2.07092337e-03  3.93990329e-04
  6.62919977e-04  1.78059041e-03  2.76629595e-02 -7.14946613e-02
  2.32509904e-02  1.50075898e-03  6.68688681e-03  1.23422535e-04
 -2.42682465e-01 -1.95307640e-01 -2.89443152e-02  1.68208505e-02
  1.03469780e-02  9.10189609e-04 -1.70114549e-02 -2.97537317e-02
 -1.01475131e-03 -3.91789285e-03  9.00500377e-03 -1.19434576e-03
 -2.05905263e-03 -2.08038679e-03  7.26279923e-04  8.51413054e-04
  1.07561961e-03 -3.19546006e-04 -2.20733268e-03 -4.25491217e-03
  1.14496188e-03  1.47806815e-03 -8.04463342e-04 -3.69171502e-04
 -1.34404962e-04  6.80161245e-04 -3.18947214e-04  2.48159385e-01
  4.09154567e-03 -4.28739107e-03 -1.95207714e-03 -1.91077224e-01
 -2.82934101e-01 -3.05638807e-02 -3.15333032e-02 -2.79468237e-02
 -2.62357213e-03  8.17968196e-03  1.24269229e-02  3.52026764e-04
  2.34173815e-03  8.62177245e-04 -9.05248282e-04  3.54189322e-03
 -1.51267736e-03  1.74456510e-03 -9.97563713e-04 -2.65202050e-04
 -1.73213732e-04 -6.36389406e-04  9.91661426e-03 -7.26994826e-05
  5.10215632e-04  9.43986160e-04  6.67398105e-04 -1.49702570e-03
 -2.19362135e-03  9.87640437e-05  2.06132620e-01  2.94373442e-01
  3.43594785e-04 -4.19920345e-03  1.03107088e-03 -3.19230338e-02
 -4.12823409e-02 -9.97351742e-03  1.79617661e-04  3.33443425e-03
 -1.41967673e-02  1.35715041e-03  3.06010531e-04 -1.56307289e-02
  3.15244958e-03  2.03806651e-03  4.82583668e-03 -7.67575195e-04
  2.79211819e-03  6.34616856e-03 -3.06424414e-03 -1.61965103e-03
 -2.14083933e-03  2.43259837e-03  4.87166978e-03 -9.44733329e-06
 -3.29079295e-04 -3.87976439e-04  2.49237676e-03 -3.36610359e-04
 -4.01865916e-04  4.61060247e-03  2.84735821e-02  3.35219594e-02
  2.16014208e-02 -7.70503857e-05  3.60841290e-03  1.89755114e-03
  1.73455905e-04 -3.49399673e-03 -1.31761376e-04 -6.83143896e-03
 -1.37725271e-03 -5.13352242e-04 -1.67243912e-02  6.98333108e-03
 -1.50706059e-03 -3.52133732e-01  4.70748277e-02  1.87392560e-02
 -6.31426489e-03 -1.00556382e-03 -1.78087741e-03  6.01734453e-04
 -2.51166758e-03 -1.82873975e-04  7.71489481e-03 -1.60139670e-03
  2.01243893e-04  1.49745619e-03  1.10373247e-03  2.38044586e-04
 -1.25732837e-03 -1.87318907e-04 -1.78921439e-04 -7.97872623e-04
  9.43811074e-04  4.81549832e-04  3.74148537e-01 -8.55174360e-04
 -5.47483569e-03  2.54823910e-03 -2.58523891e-03 -3.93311752e-03
 -3.82797421e-03  4.85912461e-04 -3.09390170e-03  3.39667283e-03
 -2.38831028e-02  1.01097295e-02  1.61169698e-03  4.37169986e-02
 -6.10703958e-02  2.31699348e-04  3.02574380e-02 -4.64273574e-03
 -6.44218549e-03  2.99582351e-03  4.83664469e-03  9.33483546e-04
 -2.11243425e-04 -2.72555998e-04 -1.30379024e-03 -2.39849640e-05
  5.53132496e-04  1.35935969e-04  1.36562646e-03  4.34504008e-04
 -8.88935380e-04 -1.72613588e-03  6.16674256e-04  1.02677911e-03
 -4.95369188e-02  6.19368575e-02 -2.11598272e-03 -3.37760481e-04
  7.40469307e-03 -2.60172009e-03  2.25974587e-03  6.25958434e-03
  5.34493323e-03 -1.63549637e-03 -7.19458720e-03  1.27816050e-03
  2.30585222e-03 -7.66147626e-03  1.56042611e-02 -2.64978374e-03
 -2.68054019e-02 -1.48259818e-03 -2.87353961e-03 -5.14870521e-03
  4.17173867e-03  1.09516325e-03 -5.72242804e-03 -3.41443316e-03
 -1.47611440e-03  4.06213220e-03 -6.61288731e-05  9.55466878e-05
 -2.32156180e-04 -2.38072961e-04  7.32030084e-04  5.02904686e-03
  7.82640920e-04 -9.40219504e-05  1.04382414e-03 -1.72627984e-02
  2.57837844e-03  2.89654741e-02]