     4.00000    -0.41892835E-11
     4.00400    -0.49153563E-11
     4.00800    -0.37340116E-11
     4.01200    -0.40127040E-11
     4.01600    -0.31114379E-11
     4.02000    -0.36629702E-11
     4.02400    -0.28318559E-11
     4.02800    -0.34624362E-11
     4.03200    -0.23339330E-11
     4.03600    -0.21003916E-11
     4.04000    -0.23180287E-11
     4.04400    -0.16309918E-11
     4.04800    -0.18016904E-11
     4.05200    -0.22183006E-11
     4.05600    -0.23987615E-11
     4.06000    -0.19285660E-11
     4.06400    -0.14767827E-11
     4.06800    -0.14986963E-11
     4.07200    -0.19353918E-11
     4.07600    -0.28778415E-11
     4.08000    -0.19210728E-11
     4.08400    -0.23860082E-11
     4.08800    -0.29119864E-11
     4.09200    -0.28771675E-11
     4.09600    -0.28790862E-11
     4.10000    -0.34707021E-11
     4.10400    -0.41018664E-11
     4.10800    -0.30416721E-11
     4.11200    -0.34689276E-11
     4.11600    -0.45012933E-11
     4.12000    -0.46674339E-11
     4.12400    -0.44116823E-11
     4.12800    -0.46853328E-11
     4.13200    -0.45451112E-11
     4.13600    -0.45429242E-11
     4.14000    -0.56548826E-11
     4.14400    -0.60539159E-11
     4.14800    -0.60046691E-11
     4.15200    -0.51610047E-11
     4.15600    -0.59015144E-11
     4.16000    -0.64982885E-11
     4.16400    -0.68760372E-11
     4.16800    -0.69487195E-11
     4.17200    -0.55404943E-11
     4.17600    -0.64159113E-11
     4.18000    -0.71275325E-11
     4.18400    -0.75881495E-11
     4.18800    -0.75691301E-11
     4.19200    -0.67397007E-11
     4.19600    -0.61372654E-11
     4.20000    -0.65449276E-11
     4.20400    -0.69225664E-11
     4.20800    -0.63396551E-11
     4.21200    -0.63201370E-11
     4.21600    -0.62934028E-11
     4.22000    -0.60799276E-11
     4.22400    -0.73013612E-11
     4.22800    -0.78169761E-11
     4.23200    -0.70988957E-11
     4.23600    -0.75169018E-11
     4.24000    -0.69464789E-11
     4.24400    -0.57791272E-11
     4.24800    -0.70468191E-11
     4.25200    -0.58814069E-11
     4.25600    -0.71745551E-11
     4.26000    -0.68645805E-11
     4.26400    -0.76146404E-11
     4.26800    -0.70484287E-11
     4.27200    -0.59975129E-11
     4.27600    -0.56294904E-11
     4.28000    -0.70584643E-11
     4.28400    -0.80750787E-11
     4.28800    -0.74928651E-11
     4.29200    -0.69026287E-11
     4.29600    -0.73268229E-11
     4.30000    -0.83268376E-11
     4.30400    -0.85603726E-11
     4.30800    -0.85764248E-11
     4.31200    -0.83245801E-11
     4.31600    -0.80379110E-11
     4.32000    -0.97480251E-11
     4.32400    -0.90242759E-11
     4.32800    -0.89365778E-11
     4.33200    -0.89990254E-11
     4.33600    -0.84004407E-11
     4.34000    -0.87015808E-11
     4.34400    -0.85030738E-11
     4.34800    -0.82367483E-11
     4.35200    -0.83234271E-11
     4.35600    -0.84664240E-11
     4.36000    -0.70606950E-11
     4.36400    -0.73749389E-11
     4.36800    -0.71428468E-11
     4.37200    -0.69311766E-11
     4.37600    -0.68734206E-11
     4.38000    -0.75231986E-11
     4.38400    -0.62285200E-11
     4.38800    -0.57458792E-11
     4.39200    -0.59110879E-11
     4.39600    -0.48890975E-11
     4.40000    -0.65434370E-11
     4.40400    -0.60296679E-11
     4.40800    -0.66542128E-11
     4.41200    -0.57606432E-11
     4.41600    -0.63815402E-11
     4.42000    -0.61725417E-11
     4.42400    -0.62894912E-11
     4.42800    -0.68984600E-11
     4.43200    -0.68781864E-11
     4.43600    -0.64765867E-11
     4.44000    -0.62402476E-11
     4.44400    -0.63033427E-11
     4.44800    -0.63931282E-11
     4.45200    -0.59845078E-11
     4.45600    -0.62549773E-11
     4.46000    -0.69563760E-11
     4.46400    -0.71088486E-11
     4.46800    -0.67611857E-11
     4.47200    -0.65095787E-11
     4.47600    -0.67056312E-11
     4.48000    -0.72680331E-11
     4.48400    -0.64608201E-11
     4.48800    -0.63008302E-11
     4.49200    -0.62676061E-11
     4.49600    -0.66116619E-11
     4.50000    -0.77400986E-11
     4.50400    -0.72609609E-11
     4.50800    -0.66937806E-11
     4.51200    -0.61126025E-11
     4.51600    -0.67125941E-11
     4.52000    -0.71204269E-11
     4.52400    -0.68249730E-11
     4.52800    -0.66457700E-11
     4.53200    -0.72079463E-11
     4.53600    -0.67512419E-11
     4.54000    -0.79690643E-11
     4.54400    -0.80842457E-11
     4.54800    -0.67357381E-11
     4.55200    -0.67924525E-11
     4.55600    -0.55884966E-11
     4.56000    -0.49807736E-11
     4.56400    -0.57213980E-11
     4.56800    -0.63540795E-11
     4.57200    -0.67100097E-11
     4.57600    -0.59820866E-11
     4.58000    -0.57513865E-11
     4.58400    -0.53359103E-11
     4.58800    -0.53339251E-11
     4.59200    -0.62033007E-11
     4.59600    -0.64827683E-11
     4.60000    -0.69744306E-11
     4.60400    -0.60107064E-11
     4.60800    -0.47857690E-11
     4.61200    -0.48745835E-11
     4.61600    -0.57608143E-11
     4.62000    -0.68315264E-11
     4.62400    -0.74903784E-11
     4.62800    -0.73954393E-11
     4.63200    -0.70303682E-11
     4.63600    -0.66626611E-11
     4.64000    -0.55726872E-11
     4.64400    -0.50496863E-11
     4.64800    -0.47057765E-11
     4.65200    -0.25558763E-11
     4.65600     0.34185350E-11
     4.66000     0.21176928E-10
     4.66400     0.63054078E-10
     4.66800     0.17156320E-09
     4.67200     0.43621355E-09
     4.67600     0.10829608E-08
     4.68000     0.26327050E-08
     4.68400     0.63106245E-08
     4.68800     0.14907678E-07
     4.69200     0.34730636E-07
     4.69600     0.79798142E-07
     4.70000     0.18082101E-06
     4.70400     0.40412836E-06
     4.70800     0.89084234E-06
     4.71200     0.19368452E-05
     4.71600     0.41533976E-05
     4.72000     0.87847051E-05
     4.72400     0.18325944E-04
     4.72800     0.37706932E-04
     4.73200     0.76522997E-04
     4.73600     0.15317183E-03
     4.74000     0.30240030E-03
     4.74400     0.58884655E-03
     4.74800     0.11309382E-02
     4.75200     0.21423611E-02
     4.75600     0.40027988E-02
     4.76000     0.73765353E-02
     4.76400     0.13407843E-01
     4.76800     0.24037181E-01
     4.77200     0.42503687E-01
     4.77600     0.74129053E-01
     4.78000     0.12751740    
     4.78400     0.21635655    
     4.78800     0.36206847    
     4.79200     0.59762937    
     4.79600     0.97295858    
     4.80000      1.5623511    
     4.80400      2.4744895    
     4.80800      3.8655936    
     4.81200      5.9562297    
     4.81600      9.0521685    
     4.82000      13.569419    
     4.82400      20.063148    
     4.82800      29.259585    
     4.83200      42.089233    
     4.83600      59.718732    
     4.84000      83.577695    
     4.84400      115.37579    
     4.84800      157.10446    
     4.85200      211.01726    
     4.85600      279.58280    
     4.86000      365.40520    
     4.86400      471.10910    
     4.86800      599.18872    
     4.87200      751.82492    
     4.87600      930.67834    
     4.88000      1136.6719    
     4.88400      1369.7805    
     4.88800      1628.8485    
     4.89200      1911.4590    
     4.89600      2213.8753    
     4.90000      2531.0753    
     4.90400      2856.8876    
     4.90800      3184.2349    
     4.91200      3505.4740    
     4.91600      3812.8146    
     4.92000      4098.7838    
     4.92400      4356.7005    
     4.92800      4581.1149    
     4.93200      4768.1711    
     4.93600      4915.8555    
     4.94000      5024.1048    
     4.94400      5094.7599    
     4.94800      5131.3695    
     4.95200      5138.8620    
     4.95600      5123.1185    
     4.96000      5090.4904    
     4.96400      5047.3091    
     4.96800      4999.4360    
     4.97200      4951.8920    
     4.97600      4908.6003    
     4.98000      4872.2555    
     4.98400      4844.3255    
     4.98800      4825.1705    
     4.99200      4814.2596    
     4.99600      4810.4516    
     5.00000      4812.3054    
     5.00400      4818.3872    
     5.00800      4827.5406    
     5.01200      4839.0994    
     5.01600      4853.0239    
     5.02000      4869.9560    
     5.02400      4891.1939    
     5.02800      4918.5940    
     5.03200      4954.4151    
     5.03600      5001.1220    
     5.04000      5061.1678    
     5.04400      5136.7750    
     5.04800      5229.7338    
     5.05200      5341.2349    
     5.05600      5471.7485    
     5.06000      5620.9604    
     5.06400      5787.7687    
     5.06800      5970.3412    
     5.07200      6166.2277    
     5.07600      6372.5167    
     5.08000      6586.0208    
     5.08400      6803.4734    
     5.08800      7021.7164    
     5.09200      7237.8609    
     5.09600      7449.4028    
     5.10000      7654.2849    
     5.10400      7850.8982    
     5.10800      8038.0285    
     5.11200      8214.7563    
     5.11600      8380.3291    
     5.12000      8534.0267    
     5.12400      8675.0424    
     5.12800      8802.4010    
     5.13200      8914.9285    
     5.13600      9011.2831    
     5.14000      9090.0453    
     5.14400      9149.8566    
     5.14800      9189.5904    
     5.15200      9208.5295    
     5.15600      9206.5270    
     5.16000      9184.1253    
     5.16400      9142.6156    
     5.16800      9084.0269    
     5.17200      9011.0440    
     5.17600      8926.8613    
     5.18000      8834.9890    
     5.18400      8739.0334    
     5.18800      8642.4747    
     5.19200      8548.4655    
     5.19600      8459.6691    
     5.20000      8378.1514    
     5.20400      8305.3319    
     5.20800      8241.9928    
     5.21200      8188.3401    
     5.21600      8144.1024    
     5.22000      8108.6550    
     5.22400      8081.1528    
     5.22800      8060.6589    
     5.23200      8046.2561    
     5.23600      8037.1350    
     5.24000      8032.6529    
     5.24400      8032.3624    
     5.24800      8036.0121    
     5.25200      8043.5218    
     5.25600      8054.9373    
     5.26000      8070.3715    
     5.26400      8089.9363    
     5.26800      8113.6732    
     5.27200      8141.4877    
     5.27600      8173.0934    
     5.28000      8207.9727    
     5.28400      8245.3556    
     5.28800      8284.2235    
     5.29200      8323.3352    
     5.29600      8361.2777    
     5.30000      8396.5359    
     5.30400      8427.5770    
     5.30800      8452.9405    
     5.31200      8471.3262    
     5.31600      8481.6704    
     5.32000      8483.2019    
     5.32400      8475.4733    
     5.32800      8458.3620    
     5.33200      8432.0438    
     5.33600      8396.9426    
     5.34000      8353.6618    
     5.34400      8302.9090    
     5.34800      8245.4219    
     5.35200      8181.9055    
     5.35600      8112.9886    
     5.36000      8039.2019    
     5.36400      7960.9804    
     5.36800      7878.6859    
     5.37200      7792.6446    
     5.37600      7703.1915    
     5.38000      7610.7143    
     5.38400      7515.6872    
     5.38800      7418.6917    
     5.39200      7320.4180    
     5.39600      7221.6495    
     5.40000      7123.2304    
     5.40400      7026.0226    
     5.40800      6930.8575    
     5.41200      6838.4882    
     5.41600      6749.5481    
     5.42000      6664.5206    
     5.42400      6583.7211    
     5.42800      6507.2938    
     5.43200      6435.2201    
     5.43600      6367.3378    
     5.44000      6303.3669    
     5.44400      6242.9399    
     5.44800      6185.6316    
     5.45200      6130.9883    
     5.45600      6078.5528    
     5.46000      6027.8846    
     5.46400      5978.5757    
     5.46800      5930.2612    
     5.47200      5882.6247    
     5.47600      5835.4001    
     5.48000      5788.3690    
     5.48400      5741.3544    
     5.48800      5694.2123    
     5.49200      5646.8198    
     5.49600      5599.0638    
     5.50000      5550.8279    
     5.50400      5501.9826    
     5.50800      5452.3769    
     5.51200      5401.8359    
     5.51600      5350.1620    
     5.52000      5297.1425    
     5.52400      5242.5618    
     5.52800      5186.2178    
     5.53200      5127.9397    
     5.53600      5067.6058    
     5.54000      5005.1587    
     5.54400      4940.6159    
     5.54800      4874.0730    
     5.55200      4805.7016    
     5.55600      4735.7386    
     5.56000      4664.4716    
     5.56400      4592.2189    
     5.56800      4519.3090    
     5.57200      4446.0618    
     5.57600      4372.7712    
     5.58000      4299.6947    
     5.58400      4227.0473    
     5.58800      4155.0015    
     5.59200      4083.6925    
     5.59600      4013.2256    
     5.60000      3943.6868    
     5.60400      3875.1517    
     5.60800      3807.6934    
     5.61200      3741.3878    
     5.61600      3676.3145    
     5.62000      3612.5560    
     5.62400      3550.1933    
     5.62800      3489.2999    
     5.63200      3429.9362    
     5.63600      3372.1435    
     5.64000      3315.9397    
     5.64400      3261.3171    
     5.64800      3208.2416    
     5.65200      3156.6547    
     5.65600      3106.4761    
     5.66000      3057.6079    
     5.66400      3009.9390    
     5.66800      2963.3500    
     5.67200      2917.7174    
     5.67600      2872.9175    
     5.68000      2828.8302    
     5.68400      2785.3418    
     5.68800      2742.3476    
     5.69200      2699.7542    
     5.69600      2657.4813    
     5.70000      2615.4625    
     5.70400      2573.6464    
     5.70800      2531.9960    
     5.71200      2490.4877    
     5.71600      2449.1096    
     5.72000      2407.8590    
     5.72400      2366.7395    
     5.72800      2325.7583    
     5.73200      2284.9234    
     5.73600      2244.2420    
     5.74000      2203.7190    
     5.74400      2163.3580    
     5.74800      2123.1614    
     5.75200      2083.1332    
     5.75600      2043.2809    
     5.76000      2003.6182    
     5.76400      1964.1668    
     5.76800      1924.9578    
     5.77200      1886.0318    
     5.77600      1847.4378    
     5.78000      1809.2317    
     5.78400      1771.4727    
     5.78800      1734.2204    
     5.79200      1697.5315    
     5.79600      1661.4563    
     5.80000      1626.0373    
     5.80400      1591.3070    
     5.80800      1557.2880    
     5.81200      1523.9934    
     5.81600      1491.4281    
     5.82000      1459.5904    
     5.82400      1428.4738    
     5.82800      1398.0690    
     5.83200      1368.3648    
     5.83600      1339.3490    
     5.84000      1311.0094    
     5.84400      1283.3330    
     5.84800      1256.3062    
     5.85200      1229.9143    
     5.85600      1204.1409    
     5.86000      1178.9677    
     5.86400      1154.3745    
     5.86800      1130.3392    
     5.87200      1106.8380    
     5.87600      1083.8460    
     5.88000      1061.3378    
     5.88400      1039.2877    
     5.88800      1017.6702    
     5.89200      996.46075    
     5.89600      975.63563    
     5.90000      955.17242    
     5.90400      935.05022    
     5.90800      915.24986    
     5.91200      895.75416    
     5.91600      876.54820    
     5.92000      857.61956    
     5.92400      838.95847    
     5.92800      820.55799    
     5.93200      802.41387    
     5.93600      784.52443    
     5.94000      766.89016    
     5.94400      749.51325    
     5.94800      732.39704    
     5.95200      715.54540    
     5.95600      698.96219    
     5.96000      682.65089    
     5.96400      666.61426    
     5.96800      650.85431    
     5.97200      635.37236    
     5.97600      620.16929    
     5.98000      605.24576    
     5.98400      590.60261    
     5.98800      576.24107    
     5.99200      562.16288    
     5.99600      548.37037    
     6.00000      534.86623    
     6.00400      521.65333    
     6.00800      508.73433    
     6.01200      496.11130    
     6.01600      483.78538    
     6.02000      471.75649    
     6.02400      460.02318    
     6.02800      448.58256    
     6.03200      437.43039    
     6.03600      426.56122    
     6.04000      415.96871    
     6.04400      405.64582    
     6.04800      395.58508    
     6.05200      385.77887    
     6.05600      376.21952    
     6.06000      366.89943    
     6.06400      357.81115    
     6.06800      348.94735    
     6.07200      340.30083    
     6.07600      331.86449    
     6.08000      323.63135    
     6.08400      315.59451    
     6.08800      307.74722    
     6.09200      300.08293    
     6.09600      292.59530    
     6.10000      285.27829    
     6.10400      278.12616    
     6.10800      271.13352    
     6.11200      264.29531    
     6.11600      257.60683    
     6.12000      251.06365    
     6.12400      244.66166    
     6.12800      238.39703    
     6.13200      232.26620    
     6.13600      226.26590    
     6.14000      220.39316    
     6.14400      214.64535    
     6.14800      209.02017    
     6.15200      203.51568    
     6.15600      198.13025    
     6.16000      192.86258    
     6.16400      187.71158    
     6.16800      182.67635    
     6.17200      177.75607    
     6.17600      172.94990    
     6.18000      168.25696    
     6.18400      163.67623    
     6.18800      159.20652    
     6.19200      154.84651    
     6.19600      150.59470    
     6.20000      146.44949    
     6.20400      142.40920    
     6.20800      138.47213    
     6.21200      134.63656    
     6.21600      130.90078    
     6.22000      127.26314    
     6.22400      123.72196    
     6.22800      120.27558    
     6.23200      116.92227    
     6.23600      113.66025    
     6.24000      110.48764    
     6.24400      107.40245    
     6.24800      104.40258    
     6.25200      101.48583    
     6.25600      98.649909    
     6.26000      95.892489    
     6.26400      93.211214    
     6.26800      90.603739    
     6.27200      88.067754    
     6.27600      85.601004    
     6.28000      83.201300    
     6.28400      80.866524    
     6.28800      78.594636    
     6.29200      76.383663    
     6.29600      74.231704    
     6.30000      72.136928    
     6.30400      70.097568    
     6.30800      68.111933    
     6.31200      66.178402    
     6.31600      64.295435    
     6.32000      62.461571    
     6.32400      60.675431    
     6.32800      58.935716    
     6.33200      57.241200    
     6.33600      55.590726    
     6.34000      53.983193    
     6.34400      52.417554    
     6.34800      50.892805    
     6.35200      49.407981    
     6.35600      47.962150    
     6.36000      46.554417    
     6.36400      45.183922    
     6.36800      43.849842    
     6.37200      42.551394    
     6.37600      41.287832    
     6.38000      40.058445    
     6.38400      38.862556    
     6.38800      37.699510    
     6.39200      36.568671    
     6.39600      35.469409    
     6.40000      34.401094    
     6.40400      33.363088    
     6.40800      32.354744    
     6.41200      31.375398    
     6.41600      30.424378    
     6.42000      29.501000    
     6.42400      28.604576    
     6.42800      27.734420    
     6.43200      26.889850    
     6.43600      26.070195    
     6.44000      25.274792    
     6.44400      24.502994    
     6.44800      23.754162    
     6.45200      23.027668    
     6.45600      22.322891    
     6.46000      21.639217    
     6.46400      20.976035    
     6.46800      20.332739    
     6.47200      19.708729    
     6.47600      19.103411    
     6.48000      18.516203    
     6.48400      17.946531    
     6.48800      17.393841    
     6.49200      16.857593    
     6.49600      16.337266    
     6.50000      15.832356    
     6.50400      15.342383    
     6.50800      14.866880    
     6.51200      14.405400    
     6.51600      13.957514    
     6.52000      13.522807    
     6.52400      13.100880    
     6.52800      12.691352    
     6.53200      12.293852    
     6.53600      11.908030    
     6.54000      11.533548    
     6.54400      11.170083    
     6.54800      10.817325    
     6.55200      10.474981    
     6.55600      10.142766    
     6.56000      9.8204083    
     6.56400      9.5076438    
     6.56800      9.2042174    
     6.57200      8.9098807    
     6.57600      8.6243916    
     6.58000      8.3475139    
     6.58400      8.0790174    
     6.58800      7.8186773    
     6.59200      7.5662753    
     6.59600      7.3215989    
     6.60000      7.0844416    
     6.60400      6.8546028    
     6.60800      6.6318871    
     6.61200      6.4161039    
     6.61600      6.2070665    
     6.62000      6.0045912    
     6.62400      5.8084971    
     6.62800      5.6186053    
     6.63200      5.4347387    
     6.63600      5.2567220    
     6.64000      5.0843824    
     6.64400      4.9175491    
     6.64800      4.7560548    
     6.65200      4.5997351    
     6.65600      4.4484299    
     6.66000      4.3019830    
     6.66400      4.1602424    
     6.66800      4.0230602    
     6.67200      3.8902929    
     6.67600      3.7618005    
     6.68000      3.6374469    
     6.68400      3.5170995    
     6.68800      3.4006291    
     6.69200      3.2879100    
     6.69600      3.1788199    
     6.70000      3.0732402    
     6.70400      2.9710560    
     6.70800      2.8721561    
     6.71200      2.7764335    
     6.71600      2.6837847    
     6.72000      2.5941105    
     6.72400      2.5073151    
     6.72800      2.4233065    
     6.73200      2.3419959    
     6.73600      2.2632979    
     6.74000      2.1871301    
     6.74400      2.1134128    
     6.74800      2.0420695    
     6.75200      1.9730260    
     6.75600      1.9062110    
     6.76000      1.8415557    
     6.76400      1.7789938    
     6.76800      1.7184615    
     6.77200      1.6598970    
     6.77600      1.6032410    
     6.78000      1.5484359    
     6.78400      1.4954259    
     6.78800      1.4441571    
     6.79200      1.3945766    
     6.79600      1.3466334    
     6.80000      1.3002776    
     6.80400      1.2554603    
     6.80800      1.2121344    
     6.81200      1.1702536    
     6.81600      1.1297731    
     6.82000      1.0906492    
     6.82400      1.0528396    
     6.82800      1.0163031    
     6.83200     0.98099965    
     6.83600     0.94689030    
     6.84000     0.91393715    
     6.84400     0.88210323    
     6.84800     0.85135248    
     6.85200     0.82164971    
     6.85600     0.79296060    
     6.86000     0.76525164    
     6.86400     0.73849022    
     6.86800     0.71264461    
     6.87200     0.68768399    
     6.87600     0.66357846    
     6.88000     0.64029908    
     6.88400     0.61781783    
     6.88800     0.59610763    
     6.89200     0.57514227    
     6.89600     0.55489644    
     6.90000     0.53534564    
     6.90400     0.51646619    
     6.90800     0.49823518    
     6.91200     0.48063046    
     6.91600     0.46363062    
     6.92000     0.44721497    
     6.92400     0.43136356    
     6.92800     0.41605713    
     6.93200     0.40127712    
     6.93600     0.38700568    
     6.94000     0.37322559    
     6.94400     0.35992027    
     6.94800     0.34707375    
     6.95200     0.33467064    
     6.95600     0.32269609    
     6.96000     0.31113577    
     6.96400     0.29997584    
     6.96800     0.28920293    
     6.97200     0.27880414    
     6.97600     0.26876698    
     6.98000     0.25907942    
     6.98400     0.24972981    
     6.98800     0.24070694    
     6.99200     0.23199993    
     6.99600     0.22359832    
     7.00000     0.21549194    
     7.00400     0.20767100    
     7.00800     0.20012597    
     7.01200     0.19284764    
     7.01600     0.18582706    
     7.02000     0.17905555    
     7.02400     0.17252470    
     7.02800     0.16622631    
     7.03200     0.16015248    
     7.03600     0.15429551    
     7.04000     0.14864796    
     7.04400     0.14320261    
     7.04800     0.13795248    
     7.05200     0.13289082    
     7.05600     0.12801109    
     7.06000     0.12330695    
     7.06400     0.11877227    
     7.06800     0.11440111    
     7.07200     0.11018772    
     7.07600     0.10612651    
     7.08000     0.10221211    
     7.08400     0.98439273E-01
     7.08800     0.94802958E-01
     7.09200     0.91298280E-01
     7.09600     0.87920526E-01
     7.10000     0.84665145E-01
     7.10400     0.81527750E-01
     7.10800     0.78504111E-01
     7.11200     0.75590149E-01
     7.11600     0.72781933E-01
     7.12000     0.70075675E-01
     7.12400     0.67467719E-01
     7.12800     0.64954543E-01
     7.13200     0.62532751E-01
     7.13600     0.60199066E-01
     7.14000     0.57950331E-01
     7.14400     0.55783505E-01
     7.14800     0.53695656E-01
     7.15200     0.51683960E-01
     7.15600     0.49745700E-01
     7.16000     0.47878257E-01
     7.16400     0.46079109E-01
     7.16800     0.44345827E-01
     7.17200     0.42676070E-01
     7.17600     0.41067579E-01
     7.18000     0.39518179E-01
     7.18400     0.38025768E-01
     7.18800     0.36588318E-01
     7.19200     0.35203873E-01
     7.19600     0.33870543E-01
     7.20000     0.32586506E-01
     7.20400     0.31350001E-01
     7.20800     0.30159330E-01
     7.21200     0.29012855E-01
     7.21600     0.27908995E-01
     7.22000     0.26846221E-01
     7.22400     0.25823059E-01
     7.22800     0.24838086E-01
     7.23200     0.23889925E-01
     7.23600     0.22977245E-01
     7.24000     0.22098761E-01
     7.24400     0.21253229E-01
     7.24800     0.20439448E-01
     7.25200     0.19656257E-01
     7.25600     0.18902535E-01
     7.26000     0.18177199E-01
     7.26400     0.17479203E-01
     7.26800     0.16807540E-01
     7.27200     0.16161237E-01
     7.27600     0.15539354E-01
     7.28000     0.14940988E-01
     7.28400     0.14365265E-01
     7.28800     0.13811344E-01
     7.29200     0.13278412E-01
     7.29600     0.12765686E-01
     7.30000     0.12272410E-01
     7.30400     0.11797857E-01
     7.30800     0.11341325E-01
     7.31200     0.10902137E-01
     7.31600     0.10479642E-01
     7.32000     0.10073213E-01
     7.32400     0.96822480E-02
     7.32800     0.93061649E-02
     7.33200     0.89444055E-02
     7.33600     0.85964322E-02
     7.34000     0.82617276E-02
     7.34400     0.79397940E-02
     7.34800     0.76301521E-02
     7.35200     0.73323407E-02
     7.35600     0.70459157E-02
     7.36000     0.67704500E-02
     7.36400     0.65055320E-02
     7.36800     0.62507660E-02
     7.37200     0.60057711E-02
     7.37600     0.57701805E-02
     7.38000     0.55436416E-02
     7.38400     0.53258149E-02
     7.38800     0.51163736E-02
     7.39200     0.49150031E-02
     7.39600     0.47214005E-02
     7.40000     0.45352741E-02
     7.40400     0.43563427E-02
     7.40800     0.41843356E-02
     7.41200     0.40189918E-02
     7.41600     0.38600600E-02
     7.42000     0.37072977E-02
     7.42400     0.35604716E-02
     7.42800     0.34193570E-02
     7.43200     0.32837371E-02
     7.43600     0.31534034E-02
     7.44000     0.30281549E-02
     7.44400     0.29077980E-02
     7.44800     0.27921463E-02
     7.45200     0.26810199E-02
     7.45600     0.25742459E-02
     7.46000     0.24716573E-02
     7.46400     0.23730934E-02
     7.46800     0.22783994E-02
     7.47200     0.21874259E-02
     7.47600     0.21000295E-02
     7.48000     0.20160716E-02
     7.48400     0.19354192E-02
     7.48800     0.18579441E-02
     7.49200     0.17835231E-02
     7.49600     0.17120374E-02
     7.50000     0.16433729E-02
     7.50400     0.15774200E-02
     7.50800     0.15140730E-02
     7.51200     0.14532303E-02
     7.51600     0.13947943E-02
     7.52000     0.13386710E-02
     7.52400     0.12847701E-02
     7.52800     0.12330046E-02
     7.53200     0.11832910E-02
     7.53600     0.11355491E-02
     7.54000     0.10897016E-02
     7.54400     0.10456745E-02
     7.54800     0.10033964E-02
     7.55200     0.96279892E-03
     7.55600     0.92381627E-03
     7.56000     0.88638523E-03
     7.56400     0.85044507E-03
     7.56800     0.81593740E-03
     7.57200     0.78280613E-03
     7.57600     0.75099730E-03
     7.58000     0.72045910E-03
     7.58400     0.69114169E-03
     7.58800     0.66299716E-03
     7.59200     0.63597951E-03
     7.59600     0.61004448E-03
     7.60000     0.58514955E-03
     7.60400     0.56125386E-03
     7.60800     0.53831811E-03
     7.61200     0.51630455E-03
     7.61600     0.49517687E-03
     7.62000     0.47490017E-03
     7.62400     0.45544087E-03
     7.62800     0.43676671E-03
     7.63200     0.41884664E-03
     7.63600     0.40165081E-03
     7.64000     0.38515052E-03
     7.64400     0.36931816E-03
     7.64800     0.35412721E-03
     7.65200     0.33955216E-03
     7.65600     0.32556848E-03
     7.66000     0.31215260E-03
     7.66400     0.29928188E-03
     7.66800     0.28693454E-03
     7.67200     0.27508964E-03
     7.67600     0.26372708E-03
     7.68000     0.25282751E-03
     7.68400     0.24237235E-03
     7.68800     0.23234375E-03
     7.69200     0.22272455E-03
     7.69600     0.21349825E-03
     7.70000     0.20464901E-03
     7.70400     0.19616163E-03
     7.70800     0.18802150E-03
     7.71200     0.18021457E-03
     7.71600     0.17272739E-03
     7.72000     0.16554701E-03
     7.72400     0.15866103E-03
     7.72800     0.15205752E-03
     7.73200     0.14572505E-03
     7.73600     0.13965261E-03
     7.74000     0.13382969E-03
     7.74400     0.12824614E-03
     7.74800     0.12289225E-03
     7.75200     0.11775870E-03
     7.75600     0.11283654E-03
     7.76000     0.10811717E-03
     7.76400     0.10359236E-03
     7.76800     0.99254199E-04
     7.77200     0.95095094E-04
     7.77600     0.91107765E-04
     7.78000     0.87285220E-04
     7.78400     0.83620760E-04
     7.78800     0.80107945E-04
     7.79200     0.76740598E-04
     7.79600     0.73512795E-04
     7.80000     0.70418843E-04
     7.80400     0.67453282E-04
     7.80800     0.64610870E-04
     7.81200     0.61886576E-04
     7.81600     0.59275572E-04
     7.82000     0.56773225E-04
     7.82400     0.54375089E-04
     7.82800     0.52076893E-04
     7.83200     0.49874546E-04
     7.83600     0.47764111E-04
     7.84000     0.45741819E-04
     7.84400     0.43804048E-04
     7.84800     0.41947322E-04
     7.85200     0.40168298E-04
     7.85600     0.38463785E-04
     7.86000     0.36830699E-04
     7.86400     0.35266099E-04
     7.86800     0.33767147E-04
     7.87200     0.32331130E-04
     7.87600     0.30955446E-04
     7.88000     0.29637587E-04
     7.88400     0.28375163E-04
     7.88800     0.27165865E-04
     7.89200     0.26007495E-04
     7.89600     0.24897928E-04
     7.90000     0.23835136E-04
     7.90400     0.22817173E-04
     7.90800     0.21842169E-04
     7.91200     0.20908333E-04
     7.91600     0.20013947E-04
     7.92000     0.19157361E-04
     7.92400     0.18336998E-04
     7.92800     0.17551339E-04
     7.93200     0.16798941E-04
     7.93600     0.16078403E-04
     7.94000     0.15388398E-04
     7.94400     0.14727640E-04
     7.94800     0.14094911E-04
     7.95200     0.13489029E-04
     7.95600     0.12908876E-04
     7.96000     0.12353364E-04
     7.96400     0.11821468E-04
     7.96800     0.11312186E-04
     7.97200     0.10824578E-04
     7.97600     0.10357725E-04
     7.98000     0.99107622E-05
     7.98400     0.94828481E-05
     7.98800     0.90731780E-05
     7.99200     0.86809928E-05
     7.99600     0.83055484E-05
     8.00000     0.79461466E-05
     8.00400     0.76021060E-05
     8.00800     0.72727822E-05
     8.01200     0.69575532E-05
     8.01600     0.66558223E-05
     8.02000     0.63670214E-05
     8.02400     0.60906039E-05
     8.02800     0.58260470E-05
     8.03200     0.55728455E-05
     8.03600     0.53305214E-05
     8.04000     0.50986139E-05
     8.04400     0.48766809E-05
     8.04800     0.46642977E-05
     8.05200     0.44610599E-05
     8.05600     0.42665789E-05
     8.06000     0.40804836E-05
     8.06400     0.39024142E-05
     8.06800     0.37320301E-05
     8.07200     0.35690085E-05
     8.07600     0.34130253E-05
     8.08000     0.32637917E-05
     8.08400     0.31210070E-05
     8.08800     0.29844080E-05
     8.09200     0.28537202E-05
     8.09600     0.27286960E-05
     8.10000     0.26090899E-05
     8.10400     0.24946712E-05
     8.10800     0.23852172E-05
     8.11200     0.22805151E-05
     8.11600     0.21803580E-05
     8.12000     0.20845547E-05
     8.12400     0.19929172E-05
     8.12800     0.19052645E-05
     8.13200     0.18214258E-05
     8.13600     0.17412371E-05
     8.14000     0.16645410E-05
     8.14400     0.15911880E-05
     8.14800     0.15210317E-05
     8.15200     0.14539385E-05
     8.15600     0.13897692E-05
     8.16000     0.13284018E-05
     8.16400     0.12697187E-05
     8.16800     0.12135934E-05
     8.17200     0.11599286E-05
     8.17600     0.11086067E-05
     8.18000     0.10595347E-05
     8.18400     0.10126096E-05
     8.18800     0.96774066E-06
     8.19200     0.92483815E-06
     8.19600     0.88381970E-06
     8.20000     0.84459770E-06
     8.20400     0.80710035E-06
     8.20800     0.77124891E-06
     8.21200     0.73697304E-06
     8.21600     0.70420628E-06
     8.22000     0.67287609E-06
     8.22400     0.64293161E-06
     8.22800     0.61430276E-06
     8.23200     0.58693438E-06
     8.23600     0.56077538E-06
     8.24000     0.53576932E-06
     8.24400     0.51186402E-06
     8.24800     0.48901989E-06
     8.25200     0.46718133E-06
     8.25600     0.44631239E-06
     8.26000     0.42635927E-06
     8.26400     0.40729644E-06
     8.26800     0.38907292E-06
     8.27200     0.37165932E-06
     8.27600     0.35501589E-06
     8.28000     0.33910898E-06
     8.28400     0.32391251E-06
     8.28800     0.30938719E-06
     8.29200     0.29550705E-06
     8.29600     0.28224667E-06
     8.30000     0.26957284E-06
     8.30400     0.25746221E-06
     8.30800     0.24589118E-06
     8.31200     0.23483570E-06
     8.31600     0.22427363E-06
     8.32000     0.21418136E-06
     8.32400     0.20453750E-06
     8.32800     0.19532458E-06
     8.33200     0.18652350E-06
     8.33600     0.17811517E-06
     8.34000     0.17008050E-06
     8.34400     0.16240521E-06
     8.34800     0.15507603E-06
     8.35200     0.14807102E-06
     8.35600     0.14137928E-06
     8.36000     0.13498981E-06
     8.36400     0.12888570E-06
     8.36800     0.12305220E-06
     8.37200     0.11748460E-06
     8.37600     0.11216426E-06
     8.38000     0.10708135E-06
     8.38400     0.10222859E-06
     8.38800     0.97590980E-07
     8.39200     0.93167242E-07
     8.39600     0.88935378E-07
     8.40000     0.84898956E-07
     8.40400     0.81041426E-07
     8.40800     0.77357770E-07
     8.41200     0.73844162E-07
     8.41600     0.70480343E-07
     8.42000     0.67276571E-07
     8.42400     0.64212474E-07
     8.42800     0.61286925E-07
     8.43200     0.58495174E-07
     8.43600     0.55827388E-07
     8.44000     0.53280832E-07
     8.44400     0.50852922E-07
     8.44800     0.48528764E-07
     8.45200     0.46314523E-07
     8.45600     0.44199047E-07
     8.46000     0.42177219E-07
     8.46400     0.40249855E-07
     8.46800     0.38406213E-07
     8.47200     0.36649682E-07
     8.47600     0.34969762E-07
     8.48000     0.33368533E-07
     8.48400     0.31842101E-07
     8.48800     0.30377926E-07
     8.49200     0.28986714E-07
     8.49600     0.27656380E-07
     8.50000     0.26384396E-07
     8.50400     0.25173685E-07
     8.50800     0.24016411E-07
     8.51200     0.22914908E-07
     8.51600     0.21858890E-07
     8.52000     0.20854124E-07
     8.52400     0.19894947E-07
     8.52800     0.18977067E-07
     8.53200     0.18105238E-07
     8.53600     0.17269043E-07
     8.54000     0.16472830E-07
     8.54400     0.15715794E-07
     8.54800     0.14988210E-07
     8.55200     0.14295975E-07
     8.55600     0.13638692E-07
     8.56000     0.13007852E-07
     8.56400     0.12405455E-07
     8.56800     0.11833610E-07
     8.57200     0.11284965E-07
     8.57600     0.10763651E-07
     8.58000     0.10265516E-07
     8.58400     0.97902019E-08
     8.58800     0.93370305E-08
     8.59200     0.89038853E-08
     8.59600     0.84911656E-08
     8.60000     0.80964987E-08
     8.60400     0.77208936E-08
     8.60800     0.73638481E-08
     8.61200     0.70225824E-08
     8.61600     0.66940509E-08
     8.62000     0.63849175E-08
     8.62400     0.60886686E-08
     8.62800     0.58055420E-08
     8.63200     0.55364050E-08
     8.63600     0.52808086E-08
     8.64000     0.50323087E-08
     8.64400     0.47986099E-08
     8.64800     0.45760964E-08
     8.65200     0.43628942E-08
     8.65600     0.41597811E-08
     8.66000     0.39663324E-08
     8.66400     0.37813065E-08
     8.66800     0.36061797E-08
     8.67200     0.34369153E-08
     8.67600     0.32780695E-08
     8.68000     0.31221325E-08
     8.68400     0.29786616E-08
     8.68800     0.28384843E-08
     8.69200     0.27055354E-08
     8.69600     0.25797898E-08
     8.70000     0.24579911E-08
     8.70400     0.23432159E-08
     8.70800     0.22336340E-08
     8.71200     0.21276904E-08
     8.71600     0.20284044E-08
     8.72000     0.19327676E-08
     8.72400     0.18427326E-08
     8.72800     0.17568978E-08
     8.73200     0.16719545E-08
     8.73600     0.15949206E-08
     8.74000     0.15199075E-08
     8.74400     0.14467543E-08
     8.74800     0.13802879E-08
     8.75200     0.13166922E-08
     8.75600     0.12536424E-08
     8.76000     0.11941505E-08
     8.76400     0.11401768E-08
     8.76800     0.10847609E-08
     8.77200     0.10349409E-08
     8.77600     0.98729704E-09
     8.78000     0.94036050E-09
     8.78400     0.89611900E-09
     8.78800     0.85424489E-09
     8.79200     0.81308459E-09
     8.79600     0.77738248E-09
     8.80000     0.74035927E-09
     8.80400     0.70550107E-09
     8.80800     0.67294720E-09
     8.81200     0.64171787E-09
     8.81600     0.61126192E-09
     8.82000     0.58254478E-09
     8.82400     0.55442023E-09
     8.82800     0.52961449E-09
     8.83200     0.50483393E-09
     8.83600     0.48158598E-09
     8.84000     0.46028940E-09
     8.84400     0.43720035E-09
     8.84800     0.41826481E-09
     8.85200     0.40067970E-09
     8.85600     0.38139013E-09
     8.86000     0.36220046E-09
     8.86400     0.34780254E-09
     8.86800     0.33137555E-09
     8.87200     0.31558825E-09
     8.87600     0.30199068E-09
     8.88000     0.28862844E-09
     8.88400     0.27446246E-09
     8.88800     0.26269389E-09
     8.89200     0.25048783E-09
     8.89600     0.23767357E-09
     8.90000     0.22765554E-09
     8.90400     0.21734778E-09
     8.90800     0.20675525E-09
     8.91200     0.19871540E-09
     8.91600     0.18786420E-09
     8.92000     0.17841327E-09
     8.92400     0.17210931E-09
     8.92800     0.16289304E-09
     8.93200     0.15545865E-09
     8.93600     0.14748023E-09
     8.94000     0.14223538E-09
     8.94400     0.13537926E-09
     8.94800     0.12794206E-09
     8.95200     0.12369491E-09
     8.95600     0.11741479E-09
     8.96000     0.10998223E-09
     8.96400     0.10869185E-09
     8.96800     0.10218462E-09
     8.97200     0.95990264E-10
     8.97600     0.93436424E-10
     8.98000     0.88481216E-10
     8.98400     0.83992723E-10
     8.98800     0.81335009E-10
     8.99200     0.77631921E-10
     8.99600     0.71809530E-10
     9.00000     0.69674770E-10
