  0.396440502690391       3.178568181725762E-003 -2.612189034430005E-003
   1.18932150807117      -1.723009911602714E-003 -3.294654667946476E-003
   1.98220251345196      -2.962159327545575E-003  7.353471220994607E-004
   2.77508351883274      -1.083705337739319E-004  2.296038795985069E-003
   3.56796452421352       1.479677152456497E-003  6.361950174990755E-004
   4.36084552959430       7.996352727416363E-004 -7.082467007164130E-004
   5.15372653497509      -1.329906327513328E-004 -6.704091304660170E-004
   5.94660754035587      -3.919810937668522E-004 -1.778677285394365E-004
   6.73948854573665      -2.472877243569750E-004  1.137428548806384E-004
   7.53236955111743      -6.358168417699178E-005  1.642052052257794E-004
   8.32525055649822       3.759307352054457E-005  1.123917880592999E-004
   9.11813156187900       6.841388914279398E-005  4.903822138837158E-005
   9.91101256725978       6.372382844090473E-005  3.027025820188913E-006
   10.7038935726406       4.583430055011853E-005 -2.453773534659405E-005
   11.4967745780213       2.423106809824425E-005 -3.878274846390380E-005
   12.2896555834021       1.664933136471413E-006 -4.337992093132280E-005
   13.0825365887829      -2.115060358571579E-005 -3.892241438941917E-005
   13.8754175941637      -4.218043811930859E-005 -2.335501830378082E-005
   14.6682985995445      -5.505744245337769E-005  5.839679975584314E-006
   15.4611796049253      -4.748474712578720E-005  4.609850630177068E-005
   16.2540606103060      -6.146454488699779E-006  8.087502394893241E-005
   17.0469416156868       6.538073025551592E-005  7.609417039389799E-005
   17.8398226210676       1.233243855145061E-004  1.985243587798799E-006
   18.6327036264484       9.444842298266714E-005 -1.147802479854087E-004
   19.4255846318292      -4.371222905005939E-005 -1.679950199622796E-004
   20.2184656372100      -1.836460660477069E-004 -6.484492878553378E-005
   21.0113466425907      -1.651150765920129E-004  1.278312994527366E-004
   21.8042276479715       2.025404390934307E-005  2.125737761962106E-004
   22.5971086533523       1.856950663465570E-004  9.486351452981372E-005
   23.3899896587331       1.697444777923648E-004 -9.644737945269300E-005
   24.1828706641139       1.565957041678281E-005 -1.756628669712121E-004
   24.9757516694946      -1.159237384148397E-004 -1.028128561286616E-004
   25.7686326748754      -1.316331376373622E-004  2.297223372613927E-005
   26.5615136802562      -5.852369444164428E-005  9.807088267994591E-005
   27.3543946856370       2.733133818810252E-005  9.377743740680792E-005
   28.1472756910178       7.396850578340154E-005  4.057911294584819E-005
   28.9401566963986       7.184956438883297E-005 -1.847589437631291E-005
   29.7330377017793       3.728999034972021E-005 -5.548741180764902E-005
   30.5259187071601      -7.226946570614149E-006 -6.161609653160766E-005
   31.3187997125409      -4.323140728435136E-005 -4.080759457154128E-005
   32.1116807179217      -5.875277195891200E-005 -3.646076317811736E-006
   32.9045617233025      -4.833328020892545E-005  3.579471361413612E-005
   33.6974427286833      -1.393293654042823E-005  6.164765019431115E-005
   34.4903237340640       3.294752211832429E-005  5.947106899877247E-005
   35.2832047394448       7.076130813242505E-005  2.311685634523800E-005
   36.0760857448256       7.401879712801760E-005 -3.633528966952148E-005
   36.8689667502064       2.881075371517865E-005 -8.720291464387412E-005
   37.6618477555872      -4.888736409444080E-005 -8.985247843938972E-005
   38.4547287609680      -1.102797587176197E-004 -2.647205527197324E-005
   39.2476097663487      -1.017042275856491E-004  7.222442665035160E-005
   40.0404907717295      -1.191923239194600E-005  1.352861684206774E-004
   40.8333717771103       1.034597142839722E-004  1.033458888521694E-004
   41.6262527824911       1.550806315476702E-004 -1.457622239924726E-005
   42.4191337878719       9.237159792457021E-005 -1.359228453336870E-004
   43.2120147932526      -4.798463173519052E-005 -1.652646604677340E-004
   44.0048957986334      -1.643892203318380E-004 -7.161028577575820E-005
   44.7977768040142      -1.666846660708496E-004  8.344693221933569E-005
   45.5906578093950      -4.482210276948154E-005  1.885811747256299E-004
   46.3835388147758       1.206442345248391E-004  1.620477035817228E-004
   47.1764198201566       2.109910861729885E-004  1.161531311476863E-005
   47.9693008255373       1.503197038687340E-004 -1.631490458352599E-004
   48.7621818309181      -3.381490173564348E-005 -2.310508356440000E-004
   49.5550628362989      -2.128337499084307E-004 -1.231195524122424E-004
   50.3479438416797      -2.387552283254646E-004  9.806286516458347E-005
   51.1408248470605      -6.733825807315545E-005  2.604201352856118E-004
   51.9337058524412       1.759507254545139E-004  2.139587777423111E-004
   52.7265868578220       2.799745627459895E-004 -1.954922283194179E-005
   53.5194678632028       1.436025482085691E-004 -2.387942038762416E-004
   54.3123488685836      -1.104195482744121E-004 -2.467584896220837E-004
   55.1052298739644      -2.512544198539218E-004 -4.859831136861997E-005
   55.8981108793452      -1.715867787257146E-004  1.626172900573173E-004
   56.6909918847259       2.596692036436723E-005  2.118932539855827E-004
   57.4838728901067       1.625751204748940E-004  9.652744624397599E-005
   58.2767538954875       1.549330011263331E-004 -5.678361410499329E-005
   59.0696349008683       5.055727054649955E-005 -1.334898204727058E-004
   59.8625159062491      -5.508060749059177E-005 -1.102252099716713E-004
   60.6553969116299      -1.016774123372089E-004 -3.309983552849968E-005
   61.4482779170106      -8.479803024276066E-005  4.054968738425917E-005
   62.2411589223914      -3.230863495850395E-005  7.789485099599593E-005
   63.0340399277722       2.400036921651304E-005  7.396894515597041E-005
   63.8269209331530       6.249691860016586E-005  3.991911645006448E-005
   64.6198019385338       7.302398148074772E-005 -8.058114201898824E-006
   65.4126829439146       5.351079222893059E-005 -5.370306334694107E-005
   66.2055639492953       7.917603332447410E-006 -8.112172704490141E-005
   66.9984449546761      -5.204466867271558E-005 -7.474787177513269E-005
   67.7913259600569      -1.025198327134183E-004 -2.382484897104278E-005
   68.5842069654377      -1.068850230381595E-004  6.446599179070967E-005
   69.3770879708185      -3.198846221784581E-005  1.470166128408507E-004
   70.1699689761992       1.096923376553913E-004  1.456136021427030E-004
   70.9628499815800       2.194516169163068E-004  4.175432369730086E-006
   71.7557309869608       1.550728273001281E-004 -2.082171679703175E-004
   72.5486119923416      -1.016906544211413E-004 -2.807737873170775E-004
   73.3414929977224      -3.242359085771495E-004 -6.764243796139262E-005
   74.1343740031032      -2.370142899233232E-004  2.603545855685646E-004
   74.9272550084840       1.086866166893095E-004  3.404789748775990E-004
   75.7201360138647       3.381252328877021E-004  7.418698187142025E-005
   76.5130170192455       2.192945043769168E-004 -2.336751487020315E-004
   77.3058980246263      -7.222843289172175E-005 -2.754212760567669E-004
   78.0987790300071      -2.306996971150341E-004 -8.063535895682588E-005
   78.8916600353879      -1.683616347448226E-004  1.157573151259293E-004
   79.6845410407687      -1.256101772302998E-005  1.675793881224502E-004
   80.4774220461494       9.580270874303053E-005  9.862558247745639E-005
   81.2703030515302       1.132285711579992E-004  2.900978337294250E-007
   82.0631840569110       6.954984289003334E-005 -6.465417704268528E-005
   82.8560650622918       9.069088891966722E-006 -8.149986764935002E-005
   83.6489460676726      -3.959714702735498E-005 -6.206061629659123E-005
   84.4418270730533      -6.511011768628097E-005 -2.346490615723344E-005
   85.2347080784341      -6.535231288733771E-005  2.032902691830022E-005
   86.0275890838149      -4.129855797423411E-005  5.808686274520980E-005
   86.8204700891957       3.889724815935047E-006  7.787118984146667E-005
   87.6133510945765       6.051239497953698E-005  6.537801005981139E-005
   88.4062320999573       1.049716308887955E-004  9.275802360811752E-006
   89.1991131053380       9.809551108060479E-005 -8.166695091202630E-005
   89.9919941107188       6.769443624822237E-006 -1.561867131463468E-004
   90.7848751160996      -1.425207928154848E-004 -1.273137532888546E-004
   91.5777561214804      -2.253717907060242E-004  4.694821593706554E-005
   92.3706371268612      -1.018999652192761E-004  2.501762409828765E-004
   93.1635181322419       1.796649579842450E-004  2.473969827351003E-004
   93.9563991376227       3.296899669873004E-004 -3.262373379760744E-005
   94.7492801430035       1.380862977465765E-004 -3.128355555974924E-004
   95.5421611483843      -2.014012815602398E-004 -2.682909173581983E-004
   96.3350421537651      -3.106211983488446E-004  3.862331384427171E-005
   97.1279231591459      -1.129695300634536E-004  2.548094636775536E-004
   97.9208041645266       1.308134133687947E-004  1.992208569869855E-004
   98.7136851699074       1.972595830826743E-004  6.294965491242962E-006
   99.5065661752882       1.020708637822107E-004 -1.231590489425213E-004
   100.299447180669      -2.138993478499174E-005 -1.266263302147599E-004
   101.092328186050      -8.558497786854951E-005 -5.809263500097318E-005
   101.885209191431      -8.356798640946582E-005  1.355078303364951E-005
   102.678090196811      -4.576468616845036E-005  5.460045441951704E-005
   103.470971202192      -1.340785139689944E-006  6.225469456185213E-005
   104.263852207573       3.349706663248854E-005  4.607261721583760E-005
   105.056733212954       5.225390019414776E-005  1.649353815103943E-005
   105.849614218334       5.252039737502351E-005 -1.797011131678188E-005
   106.642495223715       3.308873403197810E-005 -4.898526694514801E-005
   107.435376229096      -5.013674811678529E-006 -6.566453549153122E-005
   108.228257234477      -5.355421364657530E-005 -5.417737455564706E-005
   109.021138239858      -9.052980230441796E-005 -4.262755446696390E-006
   109.814019245238      -8.079788711655967E-005  7.418380306181989E-005
   110.606900250619       1.272034462634851E-006  1.334870867691444E-004
   111.399781256000       1.259056785774512E-004  1.011205404056359E-004
   112.192662261381       1.860195312930241E-004 -4.780109028984248E-005
   112.985543266762       7.698889657391357E-005 -2.086850211167767E-004
   113.778424272142      -1.490462616614687E-004 -1.993190233503917E-004
   114.571305277523      -2.665293167260005E-004  2.322092476177137E-005
   115.364186282904      -1.219656350381564E-004  2.469696823059907E-004
   116.157067288285       1.453917970588098E-004  2.292905223897342E-004
   116.949948293665       2.568063256742185E-004 -1.598124398086932E-006
   117.742829299046       1.272233324639646E-004 -1.966899160985622E-004
   118.535710304427      -7.829785723686441E-005 -1.921676012135084E-004
   119.328591309808      -1.741214758909554E-004 -4.594957151970048E-005
   120.121472315189      -1.249876097108575E-004  9.101385426898200E-005
   120.914353320569      -1.233984385257889E-005  1.320936066040957E-004
   121.707234325950       7.557442874736929E-005  8.653720903436398E-005
   122.500115331331       1.010246308032806E-004  7.577594847642462E-006
   123.292996336712       7.144864880998130E-005 -5.736008505324749E-005
   124.085877342092       1.378477902159549E-005 -8.433640047137011E-005
   124.878758347473      -4.380046257856834E-005 -6.986445612461096E-005
   125.671639352854      -7.895959606686304E-005 -2.356635893062015E-005
   126.464520358235      -7.711345554541613E-005  3.615203709832301E-005
   127.257401363616      -3.433304457820284E-005  8.398889625854177E-005
   128.050282368996       3.670174861470112E-005  9.207113931087662E-005
   128.843163374377       1.017431536612693E-004  4.248223145887002E-005
   129.636044379758       1.124827109941541E-004 -5.194336366301307E-005
   130.428925385139       3.803679348067063E-005 -1.341398660608184E-004
   131.221806390520      -9.031678370450076E-005 -1.269044598123694E-004
   132.014687395900      -1.712509155499365E-004 -4.703480800645986E-006
   132.807568401281      -1.112399514948168E-004  1.467853400666443E-004
   133.600449406662       6.045012189775368E-005  1.827152576517899E-004
   134.393330412043       1.875679077857369E-004  5.249115636713399E-005
   135.186211417423       1.448800071928653E-004 -1.239173137914720E-004
   135.979092422804      -1.999872119535911E-005 -1.795122900334397E-004
   136.771973428185      -1.458198136510123E-004 -7.957052280293190E-005
   137.564854433566      -1.347537444819796E-004  6.353519298755316E-005
   138.357735438947      -2.798323139397428E-005  1.280263785465904E-004
   139.150616444327       7.081377385053691E-005  8.908526249387682E-005
   139.943497449708       9.813303985236173E-005  4.124294549336517E-006
   140.736378455089       5.995014382773701E-005 -5.998390596692194E-005
   141.529259460470      -1.076374195059847E-006 -7.369004835077500E-005
   142.322140465850      -4.598734360286018E-005 -4.565457033568580E-005
   143.115021471231      -5.788185420105768E-005 -1.684005858098531E-006
   143.907902476612      -4.015260757753400E-005  3.423994454312610E-005
   144.700783481993      -6.973704699009964E-006  4.866015082824697E-005
   145.493664487374       2.537907244638891E-005  3.940529627088977E-005
   146.286545492754       4.387861950533912E-005  1.294707501203540E-005
   147.079426498135       4.156973380516978E-005 -1.889832560297684E-005
   147.872307503516       1.915038743919833E-005 -4.238548520848713E-005
   148.665188508897      -1.446728513429442E-005 -4.597217597584823E-005
   149.458069514277      -4.380298986138030E-005 -2.536676467941606E-005
   150.250950519658      -5.227383579739775E-005  1.217276424693574E-005
   151.043831525039      -3.117448027792951E-005  4.800786681286881E-005
   151.836712530420       1.222380041669054E-005  5.997911942174183E-005
   152.629593535801       5.463446031091049E-005  3.612291107836495E-005
   153.422474541181       6.856284164515335E-005 -1.441791939054608E-005
   154.215355546562       4.036924376592575E-005 -6.315943586389064E-005
   155.008236551943      -1.811883861320359E-005 -7.826241833601891E-005
   155.801117557324      -7.384162984084418E-005 -4.492671519040262E-005
   156.593998562705      -9.068526227902755E-005  2.323849300505126E-005
   157.386879568085      -5.086000481351797E-005  8.877303171677328E-005
   158.179760573466       3.168804915294662E-005  1.084966586080488E-004
   158.972641578847       1.124024436161511E-004  5.768491267583116E-005
   159.765522584228       1.341806893809618E-004 -4.898672862157897E-005
   160.558403589608       6.068808036927056E-005 -1.514210117715372E-004
   161.351284594989      -8.619014768678713E-005 -1.667545739269133E-004
   162.144165600370      -2.119538056355905E-004 -4.608932305097247E-005
   162.937046605751      -1.935144492651676E-004  1.593416254562368E-004
   163.729927611132       1.310232158808438E-005  2.881102811916974E-004
   164.522808616512       2.761369710252067E-004  1.783280119958109E-004
   165.315689621893       3.397735766368720E-004 -1.445245728843365E-004
   166.108570627274       6.936085387263834E-005 -4.006740265140454E-004
   166.901451632655      -3.265241810885442E-004 -2.902240204910544E-004
   167.694332638036      -4.350311673269195E-004  1.359285052305886E-004
   168.487213643416      -1.050862304462164E-004  4.478831583924095E-004
   169.280094648797       3.240016363001904E-004  3.096228052598302E-004
   170.072975654178       4.058469945677055E-004 -1.119000616489122E-004
   170.865856659559       1.073891358569614E-004 -3.663883570939554E-004
   171.658737664939      -2.181908839958017E-004 -2.547393022797425E-004
   172.451618670320      -2.855547743648433E-004  2.871878315750180E-005
   173.244499675701      -1.247943852822670E-004  2.061439390904935E-004
   174.037380681082       6.705954953471913E-005  1.887762618015918E-004
   174.830261686463       1.542872878322709E-004  6.267342875622990E-005
   175.623142691843       1.278534215721824E-004 -5.658822590895424E-005
   176.416023697224       4.541340354425064E-005 -1.107490068427582E-004
   177.208904702605      -3.554014009566410E-005 -9.919694833707485E-005
   178.001785707986      -8.343819485427187E-005 -4.752233722508599E-005
   178.794666713366      -8.959461408284270E-005  1.594932179573151E-005
   179.587547718747      -5.833593314239712E-005  6.841526689060467E-005
   180.380428724128      -1.177094569351412E-006  9.259679870158731E-005
   181.173309729509       6.354368984180613E-005  7.618369238674551E-005
   181.966190734890       1.089055119587219E-004  1.580322068532763E-005
   182.759071740270       1.022919381278284E-004 -7.285512029413222E-005
   183.551952745651       2.202641817567238E-005 -1.445724255156531E-004
   184.344833751032      -1.097623033820617E-004 -1.325783254844329E-004
   185.137714756413      -2.026113651829404E-004  1.505325885061592E-006
   185.930595761794      -1.396519499608103E-004  1.902442986638677E-004
   186.723476767174       8.903385574807007E-005  2.539542175556796E-004
   187.516357772555       2.897768298136137E-004  6.742339818879004E-005
   188.309238777936       2.197138806919239E-004 -2.275423141973526E-004
   189.102119783317      -8.887952315492311E-005 -3.088933143349296E-004
   189.895000788697      -3.023921422141857E-004 -7.313504629796479E-005
   190.687881794078      -1.977683278093240E-004  2.074839270227793E-004
   191.480762799459       6.641843081758713E-005  2.430589457942762E-004
   192.273643804840       2.025937503449853E-004  6.385582686928192E-005
   193.066524810221       1.373018444534327E-004 -1.053474343381960E-004
   193.859405815601       3.883386732681513E-007 -1.375898534632947E-004
   194.652286820982      -8.177892414230045E-005 -7.047080857384470E-005
   195.445167826363      -8.419736846059321E-005  8.263758411638384E-006
   196.238048831744      -4.402246683859894E-005  5.056130665195959E-005
   197.030929837124      -4.741150647870095E-007  5.434962731649116E-005
   197.823810842505       2.779962829636224E-005  3.610198459754283E-005
   198.616691847886       3.825964127863470E-005  1.116312044616602E-005
   199.409572853267       3.472519629616638E-005 -1.162281543219937E-005
   200.202453858648       2.156445615519493E-005 -2.818778454217172E-005
   200.995334864028       2.107155061876566E-006 -3.627135684400646E-005
   201.788215869409      -2.048951348482148E-005 -3.344808510112793E-005
   202.581096874790      -4.113481528493614E-005 -1.687444504694835E-005
   203.373977880171      -5.053842742705740E-005  1.437203931845284E-005
   204.166858885551      -3.540431839445116E-005  5.348789348996078E-005
   204.959739890932       1.375867572770190E-005  7.883879826963375E-005
   205.752620896313       8.386940410910274E-005  5.603590863681429E-005
   206.545501901694       1.222457032265919E-004 -3.406764655244715E-005
   207.338382907075       5.973434934436876E-005 -1.458059359353741E-004
   208.131263912455      -1.024430557309739E-004 -1.612893933719369E-004
   208.924144917836      -2.242679645645553E-004 -2.848787724675457E-006
   209.717025923217      -1.349309554000575E-004  2.140875474367738E-004
   210.509906928598       1.255873112609784E-004  2.425292543936292E-004
   211.302787933979       2.809493155108346E-004  1.245956935230122E-005
   212.095668939359       1.487638821954685E-004 -2.327462261502442E-004
   212.888549944740      -1.162896431636352E-004 -2.318519861132522E-004
   213.681430950121      -2.328434747180161E-004 -2.212437091720321E-005
   214.474311955502      -1.290169532273403E-004  1.578472817335823E-004
   215.267192960882       4.411586537261920E-005  1.674784620278963E-004
   216.060073966263       1.326465672656378E-004  5.803516978404108E-005
   216.852954971644       1.086591001625046E-004 -5.173397411957727E-005
   217.645835977025       3.096150691348005E-005 -9.560878859405119E-005
   218.438716982406      -3.776564389871102E-005 -7.630981764000387E-005
   219.231597987786      -6.871979851560088E-005 -2.695668180852077E-005
   220.024478993167      -6.227156399242461E-005  2.169422419278663E-005
   220.817359998548      -3.170634582469993E-005  5.209838548702777E-005
   221.610241003929       7.628891821482841E-006  5.805063378363611E-005
   222.403122009309       4.208557370049100E-005  4.044668573127734E-005
   223.196003014690       6.011820973013497E-005  5.160020444002890E-006
   223.988884020071       5.296389976954910E-005 -3.676866310930457E-005
   224.781765025452       1.774462337136919E-005 -6.865352456348043E-005
   225.574646030833      -3.697500088034813E-005 -7.077435580840808E-005
   226.367527036213      -8.665885451375515E-005 -2.950550397616798E-005
   227.160408041594      -9.506331383759124E-005  4.734950265536249E-005
   227.953289046975      -3.522542195666608E-005  1.188004211946279E-004
   228.746170052356       7.703556747147246E-005  1.222683531620192E-004
   229.539051057737       1.660687915522358E-004  2.159690688510698E-005
   230.331932063117       1.368331448556295E-004 -1.343587197517246E-004
   231.124813068498      -2.882628836127309E-005 -2.140081359918530E-004
   231.917694073879      -2.101182569539163E-004 -1.121224060704129E-004
   232.710575079260      -2.287800924335188E-004  1.161035707416818E-004
   233.503456084640      -3.600036632833956E-005  2.671329623915553E-004
   234.296337090021       2.047547185247997E-004  1.853826017891830E-004
   235.089218095402       2.691598150452029E-004 -6.293184172186189E-005
   235.882099100783       1.013720022719243E-004 -2.511441765764987E-004
   236.674980106164      -1.389716647865347E-004 -2.205010086967854E-004
   237.467861111544      -2.465559574901350E-004 -1.883148690374796E-005
   238.260742116925      -1.547718572255390E-004  1.729700131867389E-004
   239.053623122306       3.694071141693396E-005  2.130997425667422E-004
   239.846504127687       1.748118920451176E-004  9.845876353481698E-005
   240.639385133067       1.739281290532478E-004 -6.514290241206587E-005
   241.432266138448       5.983354309539013E-005 -1.611543310779379E-004
   242.225147143829      -7.464405448487938E-005 -1.407972804860042E-004
   243.018028149210      -1.434659307794925E-004 -3.723146759436023E-005
   243.810909154591      -1.172303591944978E-004  7.387190983226359E-005
   244.603790159971      -2.655329519367010E-005  1.277399635385526E-004
   245.396671165352       6.867002684682166E-005  1.032568724899118E-004
   246.189552170733       1.168033124582644E-004  2.396973182186769E-005
   246.982433176114       9.780551941970153E-005 -6.279694875833485E-005
   247.775314181495       2.653142486955026E-005 -1.119526671673925E-004
   248.568195186875      -5.870285024650177E-005 -9.980716534890292E-005
   249.361076192256      -1.141043599126454E-004 -3.214698451315603E-005
   250.153957197637      -1.087454753830090E-004  5.845127095481047E-005
   250.946838203018      -3.905373324420683E-005  1.247408112586367E-004
   251.739719208398       6.490084177228251E-005  1.246531316812613E-004
   252.532600213779       1.465826942620341E-004  4.460010724773279E-005
   253.325481219160       1.471851706604184E-004 -8.320143166643473E-005
   254.118362224541       4.288314809799057E-005 -1.834783886845485E-004
   254.911243229922      -1.222231699241264E-004 -1.726231133550898E-004
   255.704124235302      -2.374732630284738E-004 -2.096771806070281E-005
   256.497005240683      -1.870684057440221E-004  1.930010848178987E-004
   257.289886246064       4.289278391051888E-005  2.987552634481104E-004
   258.082767251445       2.959958970432125E-004  1.588368857715172E-004
   258.875648256826       3.294798408208460E-004 -1.654412256252500E-004
   259.668529262206       5.060331072709968E-005 -3.937659058549860E-004
   260.461410267587      -3.179838601579029E-004 -2.705101398843027E-004
   261.254291272968      -4.080038182082703E-004  1.261828030935059E-004
   262.047172278349      -1.092971503672017E-004  4.095143268246740E-004
   262.840053283729       2.771677807934800E-004  2.988266732589444E-004
   263.632934289110       3.739018788727510E-004 -6.700382050884608E-005
   264.425815294491       1.364941905328379E-004 -3.155120861759443E-004
   265.218696299872      -1.598553058768042E-004 -2.575694934904694E-004
   266.011577305253      -2.609220302042532E-004 -2.051933127998781E-005
   266.804458310633      -1.506729270984239E-004  1.638165080178295E-004
   267.597339316014       2.392706484620930E-005  1.861805721357465E-004
   268.390220321395       1.299054706947202E-004  9.025510358768394E-005
   269.183101326776       1.317295863714487E-004 -2.575086099597585E-005
   269.975982332156       6.631407401279279E-005 -9.464969768499740E-005
   270.768863337537      -1.271503378086214E-005 -1.009083279644274E-004
   271.561744342918      -6.837272425497132E-005 -6.167085301413579E-005
   272.354625348299      -8.613365414843397E-005 -3.508051466541333E-006
   273.147506353680      -6.709856178099001E-005  5.016061073453379E-005
   273.940387359060      -2.079732083431677E-005  8.207595553703992E-005
   274.733268364441       3.786448363644239E-005  8.052956322479971E-005
   275.526149369822       8.829954124680352E-005  4.025662478439536E-005
   276.319030375203       1.044732170785849E-004 -3.229387414461049E-005
   277.111911380583       6.203707649621921E-005 -1.103075132157921E-004
   277.904792385964      -4.170722488723566E-005 -1.433621784511022E-004
   278.697673391345      -1.601532250427973E-004 -7.770678911931823E-005
   279.490554396726      -1.934449766516241E-004  8.790271330810464E-005
   280.283435402107      -5.588198815710341E-005  2.452123273044477E-004
   281.076316407487       1.962466970194786E-004  2.168086470712369E-004
   281.869197412868       3.269427190817161E-004 -5.262652620613167E-005
   282.662078418249       1.370643299820347E-004 -3.355169396415689E-004
   283.454959423630      -2.324873396356341E-004 -3.019239002559705E-004
   284.247840429011      -3.794690131969288E-004  5.377573419912936E-005
   285.040721434391      -1.342408059495871E-004  3.426206207666492E-004
   285.833602439772       2.105310842613442E-004  2.636244192912101E-004
   286.626483445153       2.936347057682750E-004 -3.863447179289949E-005
   287.419364450534       1.068692318133245E-004 -2.262328694852566E-004
   288.212245455914      -1.018348716157515E-004 -1.777879098275085E-004
   289.005126461295      -1.626432476964418E-004 -2.168545256306893E-005
   289.798007466676      -9.602676478369943E-005  8.735322129358586E-005
   290.590888472057      -1.117448974943154E-006  1.025439846853028E-004
   291.383769477438       5.649607112811930E-005  5.909743750433778E-005
   292.176650482818       6.623741807748783E-005  5.229528591857690E-006
   292.969531488199       4.548879583081915E-005 -3.185939045954924E-005
   293.762412493580       1.432220490059042E-005 -4.591398490088279E-005
   294.555293498961      -1.410647513436264E-005 -4.104498125851943E-005
   295.348174504342      -3.330837200595158E-005 -2.384269627328903E-005
   296.141055509722      -4.050529634219926E-005 -3.279922760950155E-007
   296.933936515103      -3.440741705109706E-005  2.401702060992995E-005
   297.726817520484      -1.473169147991863E-005  4.298214053200773E-005
   298.519698525865       1.628392695709395E-005  4.856783553385629E-005
   299.312579531245       5.054415568881375E-005  3.192304303062831E-005
   300.105460536626       7.080524492453920E-005 -1.123439332125295E-005
   300.898341542007       5.309938328691344E-005 -6.965314281077336E-005
   301.691222547388      -1.664921160315067E-005 -1.066818285638431E-004
   302.484103552769      -1.122963341303304E-004 -7.124179835563970E-005
   303.276984558149      -1.534345987405701E-004  5.218552031032673E-005
   304.069865563530      -5.934464357867219E-005  1.843605800257745E-004
   304.862746568911       1.367432544664944E-004  1.790054549647127E-004
   305.655627574292       2.529029644059924E-004 -1.771125392512597E-005
   306.448508579672       1.310316219064299E-004 -2.418965016427695E-004
   307.241389585053      -1.416147080567193E-004 -2.501016996134072E-004
   308.034270590434      -2.889771149322888E-004 -1.310375765250994E-005
   308.827151595815      -1.622546810096909E-004  2.296450402983325E-004
   309.620032601196       9.579038513795555E-005  2.470887065338920E-004
   310.412913606576       2.365572496466843E-004  5.729315129749108E-005
   311.205794611957       1.676061209084462E-004 -1.411456360030645E-004
   311.998675617338      -7.379843000643424E-006 -1.944365500697870E-004
   312.791556622719      -1.361096574020444E-004 -1.044041552611676E-004
   313.584437628099      -1.483148275038940E-004  2.907105322464616E-005
   314.377318633480      -7.104758733344192E-005  1.135494233634362E-004
   315.170199638861       2.756202928654223E-005  1.169485060877603E-004
   315.963080644242       9.219466760955160E-005  5.947964410315447E-005
   316.755961649623       1.009441839858721E-004 -1.773049442169261E-005
   317.548842655003       6.058512989576282E-005 -7.742797004117236E-005
   318.341723660384      -5.977500946113373E-006 -9.689685901129177E-005
   319.134604665765      -6.992666427880686E-005 -6.974467447771669E-005
   319.927485671146      -1.032776968375580E-004 -5.437153527904483E-006
   320.720366676527      -8.563763840364967E-005  7.092605530503620E-005
   321.513247681907      -1.421150994147895E-005  1.214395440567284E-004
   322.306128687288       8.480884843032860E-005  1.073513451268108E-004
   323.099009692669       1.542416470695380E-004  1.418787129281225E-005
   323.891890698050       1.296204828496360E-004 -1.196475815281504E-004
   324.684771703430      -7.724377671841767E-006 -2.007725918063899E-004
   325.477652708811      -1.822139153563130E-004 -1.364962166077896E-004
   326.270533714192      -2.461792628811955E-004  6.814522419402674E-005
   327.063414719573      -1.013857080262222E-004  2.638069693857763E-004
   327.856295724954       1.695856561906286E-004  2.562772654438064E-004
   328.649176730334       3.274102385844509E-004  6.770848742007805E-006
   329.442057735715       1.971283417305036E-004 -2.785732816366215E-004
   330.234938741096      -1.241488448244130E-004 -3.242889835142732E-004
   331.027819746477      -3.362110298979709E-004 -7.605986658600559E-005
   331.820700751857      -2.427574850148417E-004  2.292041431748859E-004
   332.613581757238       4.930006085174185E-005  3.119382570722727E-004
   333.406462762619       2.624562429172691E-004  1.287619482915425E-004
   334.199343768000       2.350120454292186E-004 -1.237897121029686E-004
   334.992224773381       3.918017251455685E-005 -2.345589869683906E-004
   335.785105778761      -1.408656625865833E-004 -1.567457116781719E-004
   336.577986784142      -1.856552733429219E-004  6.436430608135714E-006
   337.370867789523      -1.038541090734650E-004  1.265373585254596E-004
   338.163748794904       1.992771112359942E-005  1.435237206576597E-004
   338.956629800285       1.045962321876353E-004  7.618702128466791E-005
   339.749510805665       1.156418754387023E-004 -1.799127803311136E-005
   340.542391811046       6.499052585084715E-005 -8.567134700881025E-005
   341.335272816427      -1.059957228530559E-005 -1.000672850206968E-004
   342.128153821808      -7.223061087413988E-005 -6.334990188451036E-005
   342.921034827188      -9.367935715833539E-005  1.869360791480911E-006
   343.713915832569      -6.777947139269546E-005  6.423964697284629E-005
   344.506796837950      -6.726132361400457E-006  9.485729675850430E-005
   345.299677843331       6.195642770337456E-005  7.701971964786998E-005
   346.092558848712       1.037516522540899E-004  1.403824195801988E-005
   346.885439854092       9.051021794353789E-005 -6.718299265203683E-005
   347.678320859473       1.741697609352284E-005 -1.217202857752280E-004
   348.471201864854      -8.379540951226228E-005 -1.063419185298583E-004
   349.264082870235      -1.494400147819725E-004 -1.095566725961116E-005
   350.056963875615      -1.181802033761197E-004  1.165070438943406E-004
   350.849844880996       1.456360196972747E-005  1.825424882628237E-004
   351.642725886377       1.654987238718577E-004  1.131708430839109E-004
   352.435606891758       2.067415350393722E-004 -6.591134495417160E-005
   353.228487897139       7.711849140985412E-005 -2.182096999312334E-004
   354.021368902519      -1.356715999560312E-004 -2.011905061840551E-004
   354.814249907900      -2.495354478975888E-004 -9.444768122335560E-006
   355.607130913281      -1.557914460323042E-004  1.980834398214212E-004
   356.400011918662       6.749408586603435E-005  2.401253503259779E-004
   357.192892924042       2.266450714193380E-004  8.587487419661821E-005
   357.985773929423       1.959202842099360E-004 -1.235740920095802E-004
   358.778654934804       2.098618199802611E-005 -2.173206159772107E-004
   359.571535940185      -1.460623637641027E-004 -1.419214908488226E-004
   360.364416945566      -1.876598366967096E-004  2.023995783395054E-005
   361.157297950946      -9.903895994067320E-005  1.437436877669283E-004
   361.950178956327       3.823741095410890E-005  1.572158023154289E-004
   362.743059961708       1.319291855859380E-004  7.331534274290246E-005
   363.535940967089       1.357360362674439E-004 -4.244465620960436E-005
   364.328821972470       6.138948451784870E-005 -1.210940994270746E-004
   365.121702977850      -4.152774521317892E-005 -1.248728656735561E-004
   365.914583983231      -1.159752304569319E-004 -5.803557378300959E-005
   366.707464988612      -1.233483362295181E-004  4.104048347210742E-005
   367.500345993993      -5.896059005325664E-005  1.186590347119357E-004
   368.293226999373       4.499683986050752E-005  1.295827373638990E-004
   369.086108004754       1.308208202409543E-004  6.013648667370167E-005
   369.878989010135       1.414761943076706E-004 -5.784984155417060E-005
   370.671870015516       5.575128893403214E-005 -1.538063231883540E-004
   371.464751020897      -8.508884822971967E-005 -1.539597303579573E-004
   372.257632026277      -1.856585098395266E-004 -3.655990384975666E-005
   373.050513031658      -1.555759627661514E-004  1.299825898716961E-004
   373.843394037039       7.251475713722658E-006  2.152287205044253E-004
   374.636275042420       1.847565722656882E-004  1.298786088686736E-004
   375.429156047801       2.207932595771315E-004 -7.426126885299661E-005
   376.222037053181       6.974773671580947E-005 -2.250990199415589E-004
   377.014918058562      -1.411462196269041E-004 -1.858959189234410E-004
   377.807799063943      -2.261474827730391E-004  6.233658735880181E-006
   378.600680069324      -1.212697480659878E-004  1.772324905804571E-004
   379.393561074704       6.537111861884518E-005  1.890321437408811E-004
   380.186442080085       1.740681780117038E-004  5.742227545694704E-005
   380.979323085466       1.383449125854647E-004 -9.142258771450211E-005
   381.772204090847       1.525156464495798E-005 -1.478582393249192E-004
   382.565085096228      -9.145008720444165E-005 -9.590513897071421E-005
   383.357966101608      -1.178607589422859E-004  4.146996012428008E-006
   384.150847106989      -6.863152801514433E-005  7.965554229310874E-005
   384.943728112370       8.843737717209609E-006  9.381797704767841E-005
   385.736609117751       6.570989681538976E-005  5.420403742303059E-005
   386.529490123131       7.765310954956477E-005 -6.295218814517924E-006
   387.322371128512       4.840765494711886E-005 -5.371873399883567E-005
   388.115252133893      -8.041942453082582E-007 -6.828663884576157E-005
   388.908133139274      -4.478840950553799E-005 -4.814518434683312E-005
   389.701014144655      -6.438893594116576E-005 -5.656021125960124E-006
   390.493895150035      -5.176643328279908E-005  3.910876423205290E-005
   391.286776155416      -1.216234918564838E-005  6.532122025516633E-005
   392.079657160797       3.708697355454663E-005  5.853853133699025E-005
   392.872538166178       7.121003519187211E-005  1.779098865327314E-005
   393.665419171558       6.783540349302124E-005 -3.986439064523023E-005
   394.458300176939       2.079899091364828E-005 -8.246355167757054E-005
   395.251181182320      -4.921853545408797E-005 -7.813804798313000E-005
   396.044062187701      -9.871527205181748E-005 -1.828484515610246E-005
   396.836943193082      -8.622338354329241E-005  6.660757461970807E-005
   397.629824198462      -6.842562615275108E-006  1.175590156157847E-004
   398.422705203843       9.156355136146974E-005  8.729247513879982E-005
   399.215586209224       1.339530441098032E-004 -1.572392395806749E-005
   400.008467214605       7.644096613898893E-005 -1.202680475551873E-004
   400.801348219986      -4.820148491209160E-005 -1.410223954861796E-004
   401.594229225366      -1.452697597760974E-004 -5.138487489287573E-005
   402.387110230747      -1.328754694160161E-004  8.428878128377898E-005
   403.179991236128      -1.565372143441058E-005  1.578267734828187E-004
   403.972872241509       1.138695355304730E-004  1.091783398143258E-004
   404.765753246890       1.534740368979537E-004 -2.110980743968054E-005
   405.558634252270       7.732816396083546E-005 -1.289823777334677E-004
   406.351515257651      -4.882870220970917E-005 -1.360920597080653E-004
   407.144396263032      -1.295074000004958E-004 -4.773483990522910E-005
   407.937277268413      -1.146704896570861E-004  6.376286836129852E-005
   408.730158273793      -2.665684546782894E-005  1.216913142545722E-004
   409.523039279174       6.879158819015060E-005  9.647264105126067E-005
   410.315920284555       1.122615804590820E-004  1.443186706558217E-005
   411.108801289936       8.424379398569119E-005 -6.889460406194765E-005
   411.901682295317       8.468203574542302E-006 -1.051637638072369E-004
   412.694563300697      -6.794053163383433E-005 -7.776582084803768E-005
   413.487444306078      -1.019625435473640E-004 -6.009884419741417E-006
   414.280325311459      -7.596316523086810E-005  6.831561266130610E-005
   415.073206316840      -4.904417671301854E-006  1.032628914548559E-004
   415.866087322220       7.177662441258785E-005  7.778339601234893E-005
   416.658968327601       1.095594647656622E-004  3.137895009906361E-006
   417.451849332982       8.196461153857022E-005 -8.026305126451180E-005
   418.244730338363      -2.023064810052484E-006 -1.211771587217192E-004
   419.037611343744      -9.608253142120236E-005 -8.603976605474570E-005
   419.830492349124      -1.371259389518923E-004  1.464965588740187E-005
   420.623373354505      -8.504283284729269E-005  1.207539937415793E-004
   421.416254359886       3.929838310431278E-005  1.529279201863228E-004
   422.209135365267       1.518920455008334E-004  7.158793564192820E-005
   423.002016370648       1.593794796483872E-004 -7.710918178243297E-005
   423.794897376028       4.014673281861407E-005 -1.801503196181430E-004
   424.587778381409      -1.205992087905000E-004 -1.465653610643428E-004
   425.380659386790      -1.921931374243078E-004  5.546696558663177E-006
   426.173540392171      -1.131661744830289E-004  1.548069996739977E-004
   426.966421397551       5.117585890182463E-005  1.812678695382646E-004
   427.759302402932       1.682263293440724E-004  7.059027691356074E-005
   428.552183408313       1.541136634155625E-004 -8.210607307833812E-005
   429.345064413694       3.436425244141884E-005 -1.620509812925631E-004
   430.137945419075      -9.417631122788430E-005 -1.247715504234562E-004
   430.930826424455      -1.468130986896248E-004 -1.280080108972684E-005
   431.723707429836      -1.037584410234379E-004  9.315201828686224E-005
   432.516588435217      -5.145461656160990E-006  1.329605629706703E-004
   433.309469440598       8.729787730802080E-005  9.451839171244016E-005
   434.102350445978       1.264346836710407E-004  6.806206598569055E-006
   434.895231451359       9.662881091460175E-005 -8.282228098724915E-005
   435.688112456740       1.355410802356368E-005 -1.302878946771970E-004
   436.480993462121      -8.440433057736809E-005 -1.095008668701098E-004
   437.273874467502      -1.480501737966233E-004 -2.175962248763543E-005
   438.066755472882      -1.334256496940236E-004  9.853426208756758E-005
   438.859636478263      -2.492258276203811E-005  1.861069715521083E-004
   439.652517483644       1.381556743302029E-004  1.663403879368398E-004
   440.445398489025       2.519544104610504E-004  5.690057011589238E-006
   441.238279494405       1.917530695868321E-004 -2.248193134519687E-004
   442.031160499786      -7.385229511887068E-005 -3.382062718539288E-004
   442.824041505167      -3.705163316492419E-004 -1.567181111538561E-004
   443.616922510548      -3.827621832964863E-004  2.556726792271585E-004
   444.409803515929       1.946358916264398E-005  5.143628851891462E-004
   445.202684521309       4.937545694236819E-004  2.614762360517165E-004
   445.995565526690       4.897690887502587E-004 -3.202773722512834E-004
   446.788446532071      -5.130634581412569E-005 -5.864951604523479E-004
   447.581327537452      -5.224392015387587E-004 -2.211209576524134E-004
   448.374208542832      -4.074989548396577E-004  3.280878474144023E-004
   449.167089548213       7.874783155350070E-005  4.555701209810630E-004
   449.959970553594       3.679144801717452E-004  1.378193022896910E-004
   450.752851558975       2.565341217715437E-004 -1.959079522398510E-004
   451.545732564356      -1.423326270371338E-005 -2.577912640018561E-004
   452.338613569736      -1.691837700295301E-004 -1.116186625908770E-004
   453.131494575117      -1.502487281762919E-004  4.736779783724813E-005
   453.924375580498      -5.001114700022350E-005  1.116187326084755E-004
   454.717256585879       3.546300973277683E-005  8.885684067181473E-005
   455.510137591260       6.906863432792233E-005  3.171098318180621E-005
   456.303018596640       5.909715843411536E-005 -1.790728857888496E-005
   457.095899602021       2.839923305989237E-005 -4.311599850631638E-005
   457.888780607402      -3.908999517557043E-006 -4.446172865435781E-005
   458.681661612783      -2.702982229239273E-005 -2.953409250459257E-005
   459.474542618163      -3.669690278051984E-005 -6.866559832211284E-006
   460.267423623544      -3.245330914232187E-005  1.604117673870363E-005
   461.060304628925      -1.618705558217013E-005  3.265388140701171E-005
   461.853185634306       7.780071933806171E-006  3.716174959399007E-005
   462.646066639687       3.176161372112097E-005  2.548180048921825E-005
   463.438947645067       4.463402893291288E-005 -1.743248421392839E-006
   464.231828650448       3.520350733687863E-005 -3.513560952304260E-005
   465.024709655829       5.282365308202079E-007 -5.576129924331009E-005
   465.817590661210      -4.471509780299477E-005 -4.359888907494768E-005
   466.610471666591      -6.922793711448607E-005  4.332504374276148E-006
   467.403352671971      -4.594818782119192E-005  6.046717827618928E-005
   468.196233677352       1.830668631775400E-005  7.952941775210677E-005
   468.989114682733       7.702914761576652E-005  3.790182894959571E-005
   469.781995688114       8.011016365783786E-005 -3.721322498126525E-005
   470.574876693494       2.157704371005107E-005 -8.630546971791756E-005
   471.367757698875      -5.244052493097391E-005 -7.051787695314972E-005
   472.160638704256      -8.526229668649319E-005 -4.947196081311274E-006
   472.953519709637      -5.704978071561361E-005  5.885337929731087E-005
   473.746400715018       5.615662754154172E-006  7.780959408330180E-005
   474.539281720398       5.772509090110069E-005  4.624978216652205E-005
   475.332162725779       6.961875676840793E-005 -8.999225094285836E-006
   476.125043731160       4.092658152891257E-005 -5.304853472309178E-005
   476.917924736541      -7.124546766931771E-006 -6.422247071032603E-005
   477.710805741921      -4.805049947562918E-005 -4.111867396295117E-005
   478.503686747302      -6.302146784269566E-005  2.083262360099615E-006
   479.296567752683      -4.626370592644455E-005  4.456184971543409E-005
   480.089448758064      -4.862513692523843E-006  6.679880626352241E-005
   480.882329763445       4.396229745859660E-005  5.639896316379545E-005
   481.675210768825       7.704122224284366E-005  1.284463748685099E-005
   482.468091774206       7.225468663136265E-005 -4.857982875171867E-005
   483.260972779587       2.000213355538382E-005 -9.667091540123553E-005
   484.053853784968      -6.321051360348377E-005 -9.410332656955940E-005
   484.846734790349      -1.295341540931959E-004 -2.109035876539347E-005
   485.639615795729      -1.186187579543663E-004  9.580537499525652E-005
   486.432496801110      -4.994192531623477E-006  1.769603813534703E-004
   487.225377806491       1.545678876392691E-004  1.341376843234575E-004
   488.018258811872       2.307038535635899E-004 -4.408528855086986E-005
   488.811139817252       1.187951156317471E-004 -2.391047657289743E-004
   489.604020822633      -1.372359851653421E-004 -2.668330891549264E-004
   490.396901828014      -3.293781989659177E-004 -4.854015926214313E-005
   491.189782833395      -2.499889124868400E-004  2.650056924640421E-004
   491.982663838776       8.348290201038542E-005  3.837731912433969E-004
   492.775544844156       3.873014289152608E-004  1.539905651118973E-004
   493.568425849537       3.577289187704579E-004 -2.476589934768780E-004
   494.361306854918      -1.007314306890629E-005 -4.464371869804490E-004
   495.154187860299      -3.819788627817790E-004 -2.387536985295289E-004
   495.947068865680      -4.057811224220621E-004  1.864569528676715E-004
   496.739949871060      -6.630281980910599E-005  4.300612611631858E-004
   497.532830876441       3.076014358962815E-004  2.813576515257163E-004
   498.325711881822       3.819196219084623E-004 -9.180508300018023E-005
   499.118592887203       1.304051284932634E-004 -3.400612457450404E-004
   499.911473892583      -1.856685347917238E-004 -2.758354350185207E-004
   500.704354897964      -2.989667349005191E-004 -9.562260788635086E-006
   501.497235903345      -1.650493608384562E-004  2.078889426020083E-004
   502.290116908726       5.612456564569189E-005  2.258521932062775E-004
   503.082997914107       1.834275543014219E-004  8.463982476463911E-005
   503.875878919487       1.574969288585358E-004 -7.424369287774451E-005
   504.668759924868       4.155072101373432E-005 -1.436653717210122E-004
   505.461640930249      -6.629396105561523E-005 -1.101442751889821E-004
   506.254521935630      -1.081635728486669E-004 -2.549995640997931E-005
   507.047402941010      -8.325006810644100E-005  4.997935823185580E-005
   507.840283946391      -2.393765387104143E-005  8.281034798271654E-005
   508.633164951772       3.375921636308407E-005  7.045820185623496E-005
   509.426045957153       6.652732614063998E-005  2.908565447956557E-005
   510.218926962534       6.656046312637494E-005 -1.974590209738737E-005
   511.011807967914       3.793247442141759E-005 -5.700113503920357E-005
   511.804688973295      -7.605364163017157E-006 -6.930203620168288E-005
   512.597569978676      -5.326822318100866E-005 -5.031277733251796E-005
   513.390450984057      -7.927990694814011E-005 -2.950330224405296E-006
   514.183331989437      -6.721309728679965E-005  5.708798542940286E-005
   514.976212994818      -9.782127291017457E-006  9.964543408921568E-005
   515.769094000199       7.460078120496164E-005  8.799778948550170E-005
   516.561975005580       1.337934964826726E-004  4.166675391642644E-006
