4.14707260687277    0.00006269346812426413
4.342271854551154    0.014215743897182609
4.563116649034129    0.021519532933662378
4.682038713216566    0.025187100818933272
4.826239959249245    0.039246111045805554
4.969708475373221    0.08778652874103687
5.053606049919674    0.13966537361388665
5.145856745425336    0.19845617334743937
5.229827592962657    0.24688687747345317
5.297165471572431    0.27804553113122543
5.348016927236393    0.28503585282708355
5.416307354727479    0.2713686767759884
5.493390541122996    0.24392461110458052
5.561900787586692    0.2199130128129776
5.656203126836722    0.18215587163512414
5.716140433368598    0.16157674072332595
5.758712041064221    0.15820696681164537
5.826562830610086    0.16522863524156572
5.902546922142549    0.18950668077269694
5.952738920888679    0.2275302691900789
5.9860048587437795    0.26207437012656243
5.994064887739508    0.28277888797460926
