4.138385317460317    0.0000158730158730247
4.146844841269841    -0.003507936507936682
4.171926587301587    0.00007936507936512349
4.1886230158730156    0.00365079365079346
4.205393650793651    0.0036825396825395096
4.222164285714285    0.003714285714285559
4.2556313492063484    0.007317460317460167
4.272327777777778    0.010888888888888726
4.289098412698413    0.010920634920634775
4.305869047619048    0.010952380952380825
4.322565476190476    0.014523809523809605
4.330950793650793    0.01453968253968263
4.347721428571429    0.01457142857142868
4.356106746031746    0.014587301587301704
4.364492063492063    0.014603174603174729
4.364492063492063    0.014603174603174729
4.389648015873016    0.014650793650793803
4.414803968253969    0.014698412698412655
4.431574603174603    0.014730158730158704
4.448419444444444    0.011222222222222022
4.465041666666667    0.018333333333333313
4.481886507936508    0.014825396825396853
4.498657142857143    0.014857142857142902
4.50704246031746    0.014873015873015927
4.523813095238095    0.014904761904761976
4.54058373015873    0.014936507936508026
4.548969047619048    0.01495238095238105
4.582510317460317    0.015015873015873149
4.590821428571428    0.018571428571428683
4.624362698412698    0.01863492063492056
4.649444444444444    0.022222222222222143
4.674600396825396    0.022269841269841217
4.691371031746032    0.022301587301587267
4.708141666666666    0.022333333333333316
4.724912301587301    0.022365079365079366
4.741608730158729    0.025936507936507924
4.758305158730158    0.029507936507936483
4.775075793650793    0.029539682539682532
4.7834611111111105    0.029555555555555557
4.808542857142857    0.03314285714285714
4.833624603174603    0.036730158730158724
4.850246825396825    0.04384126984126979
4.86701746031746    0.04387301587301584
4.883788095238096    0.04390476190476189
4.892024999999999    0.050999999999999934
4.917032539682539    0.05812698412698403
4.92534365079365    0.06168253968253956
4.941891666666667    0.07233333333333336
4.9585880952380945    0.07590476190476192
4.975210317460316    0.08301587301587299
4.991832539682539    0.09012698412698406
5.000069444444444    0.09722222222222232
5.008306349206348    0.10431746031746036
5.008157936507937    0.11139682539682538
5.024780158730158    0.11850793650793645
5.033017063492063    0.12560317460317472
5.049639285714285    0.13271428571428567
5.049565079365079    0.13625396825396818
5.057801984126984    0.14334920634920634
5.0744984126984125    0.1469206349206349
5.08266111111111    0.15755555555555556
5.099357539682539    0.16112698412698412
5.099134920634921    0.17174603174603176
5.1157571428571424    0.17885714285714271
5.124068253968254    0.18241269841269836
5.132379365079364    0.1859682539682539
5.1323051587301585    0.1895079365079364
5.140542063492063    0.19660317460317456
5.148778968253968    0.2036984126984126
5.165475396825396    0.20726984126984116
5.1654011904761905    0.2108095238095239
5.1569416666666665    0.21433333333333338
5.165326984126983    0.2143492063492064
5.181949206349206    0.22146031746031747
5.190260317460317    0.2250158730158731
5.198571428571428    0.22857142857142865
5.206808333333333    0.2356666666666667
5.223430555555555    0.24277777777777776
5.223282142857142    0.24985714285714278
5.239978571428571    0.25342857142857145
5.248289682539681    0.256984126984127
5.256526587301587    0.264079365079365
5.273223015873015    0.2676507936507937
5.281534126984126    0.27120634920634923
5.289771031746032    0.27830158730158727
5.30646746031746    0.28187301587301594
5.323163888888889    0.2854444444444445
5.331549206349205    0.2854603174603175
5.356705158730158    0.2855079365079365
5.365164682539682    0.281984126984127
5.381935317460316    0.28201587301587305
5.390320634920634    0.2820317460317461
5.398780158730158    0.2785079365079365
5.407239682539682    0.274984126984127
5.432469841269841    0.27149206349206356
5.440929365079365    0.2679682539682541
5.4410035714285705    0.26442857142857146
5.457848412698413    0.2609206349206349
5.47476746031746    0.2538730158730159
5.500146031746031    0.24330158730158735
5.525376190476189    0.23980952380952392
5.533835714285713    0.23628571428571432
5.542295238095237    0.23276190476190484
5.550828968253968    0.22569841269841284
5.567748015873015    0.21865079365079365
5.567822222222221    0.21511111111111114
5.584667063492063    0.21160317460317468
5.6101198412698405    0.1974920634920635
5.635349999999999    0.19399999999999995
5.643957936507936    0.18339682539682545
5.644032142857142    0.17985714285714283
5.677721825396825    0.1728412698412698
5.719871031746031    0.16230158730158728
5.736715873015872    0.15879365079365082
5.753412301587301    0.16236507936507938
5.770182936507936    0.16239682539682543
5.795264682539682    0.1659841269841269
5.8120353174603165    0.16601587301587295
5.820346428571428    0.1695714285714286
5.837117063492063    0.16960317460317464
5.845279761904761    0.1802380952380952
5.85344246031746    0.19087301587301586
5.870213095238094    0.1909047619047619
5.886835317460317    0.1980158730158731
5.9286876984126975    0.2016349206349206
5.928613492063492    0.20517460317460312
5.92824246031746    0.2228730158730159
5.92824246031746    0.2228730158730159
5.953101587301586    0.2370793650793651
5.95302738095238    0.24061904761904773
5.969575396825396    0.2512698412698413
5.969426984126984    0.25834920634920644
5.9692043650793645    0.2689682539682541
5.968981746031745    0.2795873015873016
5.977144444444444    0.29022222222222227
