     4.00000      20.433887    
     4.01200      20.949928    
     4.02400      21.480475    
     4.03600      22.026097    
     4.04800      22.587390    
     4.06000      23.164982    
     4.07200      23.759533    
     4.08400      24.371734    
     4.09600      25.002316    
     4.10800      25.652046    
     4.12000      26.321734    
     4.13200      27.012230    
     4.14400      27.724436    
     4.15600      28.459299    
     4.16800      29.217823    
     4.18000      30.001066    
     4.19200      30.810151    
     4.20400      31.646262    
     4.21600      32.510658    
     4.22800      33.404671    
     4.24000      34.329714    
     4.25200      35.287290    
     4.26400      36.278994    
     4.27600      37.306525    
     4.28800      38.371691    
     4.30000      39.476420    
     4.31200      40.622769    
     4.32400      41.812936    
     4.33600      43.049269    
     4.34800      44.334285    
     4.36000      45.670681    
     4.37200      47.061349    
     4.38400      48.509399    
     4.39600      50.018178    
     4.40800      51.591291    
     4.42000      53.232630    
     4.43200      54.946401    
     4.44400      56.737158    
     4.45600      58.609839    
     4.46800      60.569813    
     4.48000      62.622923    
     4.49200      64.775542    
     4.50400      67.034644    
     4.51600      69.407868    
     4.52800      71.903612    
     4.54000      74.531130    
     4.55200      77.300652    
     4.56400      80.223524    
     4.57600      83.312376    
     4.58800      86.581323    
     4.60000      90.046212    
     4.61200      93.724920    
     4.62400      97.637720    
     4.63600      101.80774    
     4.64800      106.26153    
     4.66000      111.02977    
     4.67200      116.14815    
     4.68400      121.65853    
     4.69600      127.61029    
     4.70800      134.06211    
     4.72000      141.08415    
     4.73200      148.76073    
     4.74400      157.19363    
     4.75600      166.50601    
     4.76800      176.84712    
     4.78000      188.39778    
     4.79200      201.37653    
     4.80400      216.04657    
     4.81600      232.72312    
     4.82800      251.78095    
     4.84000      273.66177    
     4.85200      298.88067    
     4.86400      328.03118    
     4.87600      361.78773    
     4.88800      400.90496    
     4.90000      446.21258    
     4.91200      498.60511    
     4.92400      559.02562    
     4.93600      628.44322    
     4.94800      707.82416    
     4.96000      798.09722    
     4.97200      900.11450    
     4.98400      1014.6094    
     4.99600      1142.1543    
     5.00800      1283.1205    
     5.02000      1437.6436    
     5.03200      1605.5981    
     5.04400      1786.5823    
     5.05600      1979.9166    
     5.06800      2184.6573    
     5.08000      2399.6226    
     5.09200      2623.4329    
     5.10400      2854.5604    
     5.11600      3091.3852    
     5.12800      3332.2532    
     5.14000      3575.5313    
     5.15200      3819.6550    
     5.16400      4063.1654    
     5.17600      4304.7325    
     5.18800      4543.1639    
     5.20000      4777.3994    
     5.21200      5006.4936    
     5.22400      5229.5903    
     5.23600      5445.8923    
     5.24800      5654.6309    
     5.26000      5855.0407    
     5.27200      6046.3419    
     5.28400      6227.7329    
     5.29600      6398.3946    
     5.30800      6557.5052    
     5.32000      6704.2635    
     5.33200      6837.9192    
     5.34400      6957.8038    
     5.35600      7063.3613    
     5.36800      7154.1730    
     5.38000      7229.9748    
     5.39200      7290.6646    
     5.40400      7336.3005    
     5.41600      7367.0886    
     5.42800      7383.3637    
     5.44000      7385.5648    
     5.45200      7374.2074    
     5.46400      7349.8574    
     5.47600      7313.1069    
     5.48800      7264.5553    
     5.50000      7204.7964    
     5.51200      7134.4116    
     5.52400      7053.9694    
     5.53600      6964.0285    
     5.54800      6865.1453    
     5.56000      6757.8817    
     5.57200      6642.8131    
     5.58400      6520.5342    
     5.59600      6391.6624    
     5.60800      6256.8370    
     5.62000      6116.7159    
     5.63200      5971.9692    
     5.64400      5823.2697    
     5.65600      5671.2840    
     5.66800      5516.6616    
     5.68000      5360.0267    
     5.69200      5201.9698    
     5.70400      5043.0434    
     5.71600      4883.7582    
     5.72800      4724.5833    
     5.74000      4565.9467    
     5.75200      4408.2387    
     5.76400      4251.8150    
     5.77600      4097.0012    
     5.78800      3944.0961    
     5.80000      3793.3750    
     5.81200      3645.0917    
     5.82400      3499.4803    
     5.83600      3356.7553    
     5.84800      3217.1113    
     5.86000      3080.7226    
     5.87200      2947.7421    
     5.88400      2818.3008    
     5.89600      2692.5067    
     5.90800      2570.4455    
     5.92000      2452.1808    
     5.93200      2337.7548    
     5.94400      2227.1904    
     5.95600      2120.4923    
     5.96800      2017.6495    
     5.98000      1918.6373    
     5.99200      1823.4190    
     6.00400      1731.9480    
     6.01600      1644.1694    
     6.02800      1560.0208    
     6.04000      1479.4341    
     6.05200      1402.3354    
     6.06400      1328.6464    
     6.07600      1258.2843    
     6.08800      1191.1625    
     6.10000      1127.1909    
     6.11200      1066.2763    
     6.12400      1008.3227    
     6.13600      953.23209    
     6.14800      900.90491    
     6.16000      851.24052    
     6.17200      804.13790    
     6.18400      759.49620    
     6.19600      717.21529    
     6.20800      677.19618    
     6.22000      639.34150    
     6.23200      603.55577    
     6.24400      569.74565    
     6.25600      537.82017    
     6.26800      507.69080    
     6.28000      479.27157    
     6.29200      452.47907    
     6.30400      427.23254    
     6.31600      403.45384    
     6.32800      381.06748    
     6.34000      360.00062    
     6.35200      340.18308    
     6.36400      321.54738    
     6.37600      304.02871    
     6.38800      287.56494    
     6.40000      272.09664    
     6.41200      257.56702    
     6.42400      243.92191    
     6.43600      231.10976    
     6.44800      219.08152    
     6.46000      207.79059    
     6.47200      197.19278    
     6.48400      187.24619    
     6.49600      177.91114    
     6.50800      169.15007    
     6.52000      160.92747    
     6.53200      153.20978    
     6.54400      145.96531    
     6.55600      139.16415    
     6.56800      132.77812    
     6.58000      126.78065    
     6.59200      121.14676    
     6.60400      115.85293    
     6.61600      110.87708    
     6.62800      106.19846    
     6.64000      101.79763    
     6.65200      97.656340    
     6.66400      93.757508    
     6.67600      90.085135    
     6.68800      86.624251    
     6.70000      83.360853    
     6.71200      80.281851    
     6.72400      77.375012    
     6.73600      74.628911    
     6.74800      72.032875    
     6.76000      69.576947    
     6.77200      67.251833    
     6.78400      65.048865    
     6.79600      62.959962    
     6.80800      60.977591    
     6.82000      59.094734    
     6.83200      57.304853    
     6.84400      55.601861    
     6.85600      53.980092    
     6.86800      52.434270    
     6.88000      50.959489    
     6.89200      49.551181    
     6.90400      48.205097    
     6.91600      46.917284    
     6.92800      45.684066    
     6.94000      44.502020    
     6.95200      43.367965    
     6.96400      42.278939    
     6.97600      41.232186    
     6.98800      40.225143    
     7.00000      39.255423    
     7.01200      38.320804    
     7.02400      37.419218    
     7.03600      36.548738    
     7.04800      35.707571    
     7.06000      34.894044    
     7.07200      34.106599    
     7.08400      33.343783    
     7.09600      32.604241    
     7.10800      31.886708    
     7.12000      31.190002    
     7.13200      30.513021    
     7.14400      29.854733    
     7.15600      29.214175    
     7.16800      28.590442    
     7.18000      27.982691    
     7.19200      27.390129    
     7.20400      26.812013    
     7.21600      26.247647    
     7.22800      25.696376    
     7.24000      25.157585    
     7.25200      24.630695    
     7.26400      24.115161    
     7.27600      23.610471    
     7.28800      23.116139    
     7.30000      22.631709    
     7.31200      22.156750    
     7.32400      21.690852    
     7.33600      21.233630    
     7.34800      20.784717    
     7.36000      20.343765    
     7.37200      19.910446    
     7.38400      19.484445    
     7.39600      19.065464    
     7.40800      18.653219    
     7.42000      18.247440    
     7.43200      17.847868    
     7.44400      17.454256    
     7.45600      17.066369    
     7.46800      16.683980    
     7.48000      16.306873    
     7.49200      15.934841    
     7.50400      15.567685    
     7.51600      15.205212    
     7.52800      14.847239    
     7.54000      14.493589    
     7.55200      14.144090    
     7.56400      13.798577    
     7.57600      13.456891    
     7.58800      13.118879    
     7.60000      12.784390    
     7.61200      12.453282    
     7.62400      12.125413    
     7.63600      11.800649    
     7.64800      11.478858    
     7.66000      11.159911    
     7.67200      10.843683    
     7.68400      10.530055    
     7.69600      10.218906    
     7.70800      9.9101224    
     7.72000      9.6035910    
     7.73200      9.2992017    
     7.74400      8.9968470    
     7.75600      8.6964215    
     7.76800      8.3978219    
     7.78000      8.1009470    
     7.79200      7.8056976    
     7.80400      7.5119760    
     7.81600      7.2196863    
     7.82800      6.9287343    
     7.84000      6.6390269    
     7.85200      6.3504727    
     7.86400      6.0629814    
     7.87600      5.7764637    
     7.88800      5.4908318    
     7.90000      5.2059985    
     7.91200      4.9218776    
     7.92400      4.6383838    
     7.93600      4.3554326    
     7.94800      4.0729400    
     7.96000      3.7908227    
     7.97200      3.5089981    
     7.98400      3.2273837    
     7.99600      2.9458977    
     8.00800      2.6644585    
     8.02000      2.3829848    
     8.03200      2.1013954    
     8.04400      1.8196093    
     8.05600      1.5375457    
     8.06800      1.2551236    
     8.08000     0.97226199    
     8.09200     0.68887979    
     8.10400     0.40489571    
     8.11600     0.12022822    
     8.12800    -0.16520451    
     8.14000    -0.45148469    
     8.15200    -0.73869495    
     8.16400     -1.0269184    
     8.17600     -1.3162388    
     8.18800     -1.6067404    
     8.20000     -1.8985081    
     8.21200     -2.1916277    
     8.22400     -2.4861858    
     8.23600     -2.7822697    
     8.24800     -3.0799679    
     8.26000     -3.3793696    
     8.27200     -3.6805654    
     8.28400     -3.9836468    
     8.29600     -4.2887067    
     8.30800     -4.5958392    
     8.32000     -4.9051398    
     8.33200     -5.2167054    
     8.34400     -5.5306346    
     8.35600     -5.8470274    
     8.36800     -6.1659855    
     8.38000     -6.4876126    
     8.39200     -6.8120140    
     8.40400     -7.1392972    
     8.41600     -7.4695715    
     8.42800     -7.8029485    
     8.44000     -8.1395420    
     8.45200     -8.4794682    
     8.46400     -8.8228456    
     8.47600     -9.1697954    
     8.48800     -9.5204414    
     8.50000     -9.8749103    
     8.51200     -10.233332    
     8.52400     -10.595838    
     8.53600     -10.962564    
     8.54800     -11.333651    
     8.56000     -11.709239    
     8.57200     -12.089476    
     8.58400     -12.474510    
     8.59600     -12.864496    
     8.60800     -13.259591    
     8.62000     -13.659958    
     8.63200     -14.065762    
     8.64400     -14.477174    
     8.65600     -14.894371    
     8.66800     -15.317532    
     8.68000     -15.746844    
     8.69200     -16.182498    
     8.70400     -16.624692    
     8.71600     -17.073627    
     8.72800     -17.529513    
     8.74000     -17.992565    
     8.75200     -18.463005    
     8.76400     -18.941062    
     8.77600     -19.426972    
     8.78800     -19.920980    
     8.80000     -20.423337    
     8.81200     -20.934302    
     8.82400     -21.454145    
     8.83600     -21.983142    
     8.84800     -22.521582    
     8.86000     -23.069760    
     8.87200     -23.627984    
     8.88400     -24.196571    
     8.89600     -24.775850    
     8.90800     -25.366163    
     8.92000     -25.967861    
     8.93200     -26.581311    
     8.94400     -27.206893    
     8.95600     -27.844999    
     8.96800     -28.496037    
     8.98000     -29.160431    
     8.99200     -29.838621    
     9.00400     -30.531064    
