  4.161922491715452E-009
 -5.427797869981142E-009
 -1.053663722396080E-008
  -3.08176630292650     
 -6.039757689505235E-010
   14.7637361597377     
 -2.740357018836638E-009
   11.5996048242743     
  -13.1768205850659     
 -1.116159201227283E-009
   9.92299961867757     
  1.134913510250273E-011
   8.30486029686094     
  2.428549942241983E-011
 -9.341086363083887E-011
  -9.48318693390478     
 -1.342794486592840E-010
   3.98841819133127     
  -5.44679118961718     
  1.228767293016140E-010
  -3.96990885039919     
   6.25626665178647     
   7.75694432797636     
  -12.1272459204963     
  -1.64565720713385     
 -0.285135645305048     
   1.68441701879308     
 -1.163583784722751E-010
   2.31617801437802     
   3.95424575313971     
  -10.8305631646774     
  -6.25960210882427     
   2.99504263766588     
 -0.423749570467792     
 -2.642972273482482E-012
 -0.171311364040114     
 -0.871174836416464     
 -0.205723598962541     
  0.331556525107081     
