  -1.00000000000000     
 -5.548816614520121E-014
 -2.119689515057978E-013
  1.608088662230482E-015
  8.853920201168351E-015
  1.152832170003856E-015
 -2.090558628986560E-015
  6.639654104301163E-016
  6.040090302917034E-016
  2.227384943154236E-015
 -1.023053169957383E-015
 -7.775897981065936E-016
 -5.271807759150371E-016
  5.336443092973465E-016
 -6.260601524693186E-016
 -1.881004999034291E-016
 -6.724410863779873E-017
 -7.175458738043777E-017
  8.219077581812393E-017
 -2.253851515507846E-016
  2.919203583879967E-016
 -6.723128604438733E-016
  1.736450528907723E-016
  7.416727534160917E-017
 -2.564246031285750E-016
  3.019194477081966E-016
  5.221878376092900E-017
  2.499833548453414E-016
  7.004141095335894E-018
 -2.073212956155326E-016
  2.944273186272007E-017
  3.806464046171022E-016
 -5.387917692492644E-016
  2.221848015020063E-016
  4.835341623868182E-018
  1.611427907958237E-016
 -9.716857065035196E-017
 -1.692062659496588E-017
  4.513907967675464E-017
  5.534342515517438E-014
  -1.00000000000000     
  7.145182340760619E-013
  6.383782391594658E-015
 -5.665444242214334E-015
  6.283493690639208E-016
 -4.373807089077701E-016
  3.789828693923294E-016
 -3.771939358077875E-016
  2.331034670843392E-016
 -9.486497958702887E-016
  7.170913168818861E-016
  5.014056307304560E-016
  2.331034670844031E-016
  1.982870056919735E-016
 -2.521121710689562E-016
 -4.202242165468127E-016
  3.316864287642463E-016
 -1.327191205684910E-016
 -2.677443838812593E-017
 -4.352672890113651E-016
  8.727773900462593E-017
 -4.067635852184565E-016
  2.147450463862559E-016
  3.939057708022014E-017
  1.043280446294519E-016
 -7.933918998118168E-017
  1.958748939784646E-016
  2.299259049532319E-016
 -1.154088734899697E-016
 -1.662155867281157E-016
 -1.044169195437685E-016
  5.291282298674457E-016
 -7.027345776480273E-017
  1.282243234878767E-016
  2.690796964069767E-016
 -6.442771227201213E-017
 -5.376704392780157E-017
 -3.075072241407324E-017
  2.122420620330469E-013
 -7.148350650559165E-013
  -1.00000000000000     
  2.655861641720266E-015
 -1.693122638618553E-014
  7.429766437500327E-016
 -1.148224310770722E-015
  1.409462824230918E-016
  8.365975013441858E-016
  8.057790545912215E-016
  6.505213034945197E-018
  2.377655364260937E-016
  4.356907705983095E-016
  2.023121253856225E-016
 -6.058448748481938E-017
  4.710264797575349E-016
 -3.009223747042608E-016
  7.327142965457933E-017
 -4.436863112210366E-016
  4.640773370029865E-017
 -1.859731099567034E-016
 -4.647218306466910E-016
  2.648782077628052E-016
 -2.648898059035425E-016
  2.797713266170683E-016
  4.024568818657411E-017
 -1.975196716079005E-016
 -2.506390653839905E-016
 -8.222213945725544E-017
 -2.848718091222519E-016
  1.360187671044870E-016
  3.477068633710854E-016
  2.629375238292603E-016
 -1.069480055295149E-016
  1.709107693141853E-016
  5.935368139311943E-017
 -1.041504387284163E-016
 -5.086481525267110E-016
  3.688814380654045E-017
  1.077263278581597E-015
  6.468783841917507E-015
  2.618022985900749E-015
   1.00000000000000     
 -7.600734278079281E-014
 -5.342948306008687E-016
  1.487525380650127E-016
  1.057313958607845E-015
  1.616545439175891E-015
  7.684824998577214E-016
  2.646754343471611E-015
  3.469446951954139E-017
  7.867337341166830E-016
  2.584737979205471E-016
 -4.514601836096071E-016
 -7.981026983219533E-016
  4.784522732691027E-016
 -3.092570161640068E-016
  3.880458432534907E-016
  4.530880805268236E-016
 -7.870997530337668E-017
 -3.614901602395393E-016
  3.016527156366741E-016
  3.069895850746795E-017
  4.719148225542026E-016
 -5.074624644651535E-016
 -2.430099548138306E-016
  2.688701126300136E-017
 -2.320129243680553E-016
 -2.422291727029699E-017
 -3.536196024780210E-016
  3.618849828195283E-016
 -1.382231868265728E-016
  8.389449749526333E-017
  3.163775578198219E-016
  5.344751547242795E-017
  2.464941907091951E-016
  1.335896619517850E-016
  6.493039042504419E-017
  8.956919407554493E-015
 -5.629448730087846E-015
 -1.720986634451417E-014
  7.600907750426879E-014
   1.00000000000000     
 -1.923212023663414E-015
 -4.852617873502026E-016
  3.610935335462958E-015
 -7.769934869117226E-016
  1.488609582822602E-016
  2.226409161199093E-016
 -1.771586349841185E-016
  1.704494299185160E-016
 -6.253678130896216E-016
 -5.657443939373790E-016
 -2.634198649112774E-016
  5.172945674135004E-016
 -4.918908539592277E-016
  5.080921156554102E-016
 -4.603054983319743E-017
  1.287468837601244E-017
 -5.952258336364780E-018
  2.825027847022547E-016
 -5.393249564079788E-016
  3.305782880147878E-016
 -5.355903808841053E-016
  2.716923289270667E-016
 -5.106619503784626E-016
 -2.608301812645660E-016
 -3.152524899966548E-016
 -3.099654862446133E-016
  6.270584814894889E-018
 -3.323868217539336E-016
  1.651234978764855E-016
 -1.066783368909501E-017
  5.953945768293969E-017
  3.746217140403776E-017
 -1.062633397065695E-018
  4.448189702107562E-017
 -1.094610513341367E-015
 -5.380895382045556E-016
 -5.276540922943843E-016
 -3.122502256758247E-016
 -2.239202746834313E-015
  -1.00000000000000     
 -1.837893444205098E-014
 -3.879275373153123E-016
  4.383971484445140E-016
  8.505566043148840E-016
 -5.589604300249061E-016
 -9.974659986866615E-016
  1.090381682743887E-016
  1.821459649775615E-016
  1.602991995589175E-016
  3.984746614851116E-016
 -1.440309627241745E-016
 -2.521203791430924E-016
 -4.755712348678687E-016
  1.799717807975691E-017
 -4.274875980903175E-016
 -3.242991799820533E-016
 -8.127192262998533E-017
 -6.685678299559487E-018
 -1.332962171291628E-016
  1.079734737257690E-016
 -1.336644394006352E-016
  1.602332280971064E-016
 -4.841285356025866E-017
 -1.921998290516828E-016
  3.417297161333966E-017
 -2.737817005194912E-016
 -1.459447204570196E-016
  4.973319898518708E-017
 -1.739362068739415E-016
  2.235130039126561E-017
 -7.942566655007333E-017
  9.454453817643669E-017
 -1.046909801037090E-017
 -2.064971457715893E-015
 -3.441393220740539E-016
 -9.352327939859959E-016
 -1.634976876108137E-016
  7.359835397374717E-016
 -1.850518978503690E-014
   1.00000000000000     
  6.431433077075392E-015
  1.014257579833031E-015
  4.907641133755667E-016
 -1.059672098333020E-015
 -2.128288864589047E-016
  7.111055327514805E-017
  5.552199325298229E-016
  7.369470985038135E-016
 -6.675972692955344E-017
 -9.766490386643101E-017
 -2.195155513616817E-016
 -2.986085834846478E-016
  2.086371733088227E-016
  5.784156331902342E-016
  2.029445098503712E-016
 -4.540606690655677E-016
  1.115643419201096E-017
 -1.418336717215195E-016
 -1.416683551623740E-016
 -1.870079759153610E-016
 -2.462916485026760E-016
 -5.367827718301396E-017
  1.082001577974360E-016
  8.896393747374920E-017
  1.803119211396309E-016
 -6.569234903308575E-017
  1.790312796045791E-016
  3.705850644867126E-017
  2.326797441294079E-016
  1.649549115518593E-017
 -4.076750194054736E-016
  1.481474096779052E-017
 -4.757479132866411E-016
 -3.513899241025519E-016
 -4.102621020685156E-016
  1.725182496858936E-015
  3.368724570129712E-015
  4.432218481120730E-016
  6.835732067195236E-015
  -1.00000000000000     
  4.895281228989302E-015
  5.227589194856111E-015
  5.681219383824052E-016
 -1.069890703808697E-015
  2.043153925936123E-015
  2.580401170515498E-016
  8.019205164601133E-016
  5.939867388225528E-016
  4.178778554950344E-016
 -5.769944293561589E-016
  2.495927637556010E-016
  3.609825704334373E-016
  4.921134655758328E-016
 -1.230626264581520E-016
  1.511068682961443E-016
 -3.758263036276110E-016
  1.543630002006342E-016
 -2.046473294652215E-016
  1.785340851798466E-016
 -3.160015224645081E-016
  2.480296825735491E-016
  2.569622313047293E-016
 -1.154767253799653E-016
 -9.425949230510718E-017
 -2.088317386099011E-017
 -1.050094280578736E-016
  1.082626226846485E-016
  3.307004802949212E-016
 -9.939353394407406E-017
  1.610872291651402E-017
  5.496228047514591E-017
  5.904565031355417E-016
 -3.436378785692955E-016
  8.085708751853626E-016
 -1.369130503414683E-015
  7.290717508878932E-016
  8.071343073067705E-016
 -1.053587013640025E-015
  5.115157429569275E-015
   1.00000000000000     
  3.182808834198417E-013
 -6.297181743067422E-015
  7.264154555653177E-016
 -6.372530524769245E-017
 -9.300286235581464E-016
 -5.736031401310400E-016
 -6.793009966788288E-016
 -3.883836343247960E-016
 -7.263001326325228E-017
 -1.970844183351608E-016
 -3.736667614991340E-016
 -2.734159978327592E-016
  4.904921224797505E-016
  4.468459833783155E-016
 -1.614220767164919E-016
  7.179235063633380E-017
  1.434512273627747E-016
 -1.782637284533490E-017
 -1.350328178445826E-016
  2.109521787962269E-016
  2.586331174058146E-016
 -2.536398944756033E-017
  1.866609646073176E-016
 -2.546489426278334E-017
  6.489553346221337E-017
 -1.534637367037234E-016
 -2.123073903555956E-016
 -5.217490199276115E-017
 -2.236404053680776E-017
 -2.521124760900483E-017
 -1.804979776753870E-015
  6.613633252158424E-017
 -6.010816844260006E-016
  9.384854005035084E-016
 -4.011548038208330E-018
 -3.280795773940487E-016
  9.664578165535719E-016
 -4.792173602385899E-015
  3.180289148349558E-013
  -1.00000000000000     
  2.205917740139018E-015
 -1.295838436554630E-015
  1.322851410281401E-015
  1.821459649772894E-017
 -5.817763701790270E-016
 -5.111498963927291E-016
  1.000128490751807E-015
 -7.110545121789101E-016
 -9.055159329958046E-017
  3.174833063839770E-016
 -2.784909541175164E-016
 -1.271973160290278E-018
  2.085087709782819E-016
  4.634994005544581E-017
 -7.070460516869579E-017
 -2.057907307687837E-016
  1.464519904203360E-016
 -1.721212385397368E-016
 -2.435734767408999E-017
  4.921665871666444E-016
 -3.642289789045792E-016
  8.994296238884505E-017
 -2.362362004589904E-016
 -2.764713792338304E-016
  5.379493120227703E-017
 -7.042140349608489E-017
  3.237767870145358E-017
 -2.463081677107370E-016
  3.847894726190608E-017
  1.198260241030978E-015
  1.098296800727817E-015
 -6.092132007196045E-016
  2.297424403496783E-015
  1.962948033285019E-016
  6.274277972173613E-016
 -1.465434761385720E-015
 -7.503221134685935E-016
 -6.296422801546631E-015
 -1.734831896194058E-015
  -1.00000000000000     
 -3.479963713026726E-015
  7.327740260925674E-016
 -1.144917494144687E-016
 -2.377711935371712E-015
 -2.101272353052932E-016
  3.396184761251696E-016
  1.693682673409984E-016
  8.651500812997676E-016
 -1.555395614467299E-017
 -3.905012966542754E-016
  2.890585812543825E-016
 -1.011626799654076E-016
 -2.700804765227222E-016
 -1.840846515594499E-016
 -1.990459345563488E-016
  2.705071930459133E-016
 -6.513574629875752E-016
 -2.759110736260684E-016
 -4.047934526032594E-016
 -4.343235167380540E-016
 -9.388643944556270E-017
  4.496773390940679E-016
  1.037220884372945E-016
 -9.685354667600878E-017
  1.015771584560319E-016
 -1.106303077291578E-016
  2.556879177278666E-016
  4.213269847926173E-017
 -4.119968255444888E-017
  8.068632567637146E-016
 -1.838806884535425E-016
  4.302114220422466E-016
 -4.705437428587120E-017
 -1.260276605297149E-015
 -3.585456584409554E-016
 -1.270251265284018E-015
 -4.041905699025967E-016
 -1.174407793236299E-015
 -3.695719945351341E-015
   1.00000000000000     
  6.362119967071529E-015
 -2.107689023311798E-016
  1.506187783862613E-015
 -1.882567890825919E-016
  3.595556052785059E-016
  2.774299598859863E-016
  2.360748635139220E-016
  1.202528385069880E-016
 -8.520832927084735E-017
  4.107205997331274E-016
 -9.555025472438674E-017
 -1.321812182034594E-016
 -2.595913581732445E-016
  1.229087839992029E-016
  2.043461380864530E-016
 -6.711949692922132E-017
 -9.287456736488300E-018
 -1.323633588059096E-016
  2.902770097833756E-016
  4.311570652024798E-017
  2.320522890046240E-016
 -1.652620645557704E-016
 -3.045868290250182E-016
  3.620781375036332E-016
 -1.252916454139010E-016
 -2.768330470714312E-017
  1.004585633167253E-016
 -4.731458280726790E-016
  7.563394355258816E-016
  2.506675422786449E-016
 -9.159339953157573E-016
  6.158268339718161E-017
  5.525094270986114E-016
  3.304648221735816E-016
  1.710437347313137E-015
  1.700029006457257E-016
  1.134509153288838E-015
  7.402932433731039E-016
 -6.727257639838070E-015
   1.00000000000000     
 -9.992007221626421E-015
 -1.282398491984380E-014
  1.006432276446190E-015
 -3.188460998716743E-016
  1.225885664535265E-015
  2.849009797567249E-016
 -1.079555525337137E-015
 -8.452638747047727E-016
 -5.005585803618808E-016
  3.230561812263328E-016
  3.875970149297112E-016
  4.660159136968230E-016
 -8.222368031497765E-017
 -9.564060950493200E-017
 -1.637432429215540E-016
  5.873914586074631E-016
  3.423134349711426E-016
 -3.579983746229458E-016
 -1.657260709348712E-016
 -2.429485609961826E-016
 -1.204001621442932E-016
  1.781237802117498E-017
  2.460974280639776E-016
  2.283124057665138E-016
 -2.880844447890570E-016
 -5.874412762202972E-017
 -1.418136441611028E-016
 -3.183217578417434E-016
 -2.610758831345059E-016
 -5.169475958410876E-016
 -4.289103794352683E-016
 -4.076600168545527E-016
 -3.523657060578104E-017
  6.331740687315306E-017
 -8.766858766717768E-016
  7.511352650979574E-016
  2.775557561562896E-016
 -5.204170427930420E-016
 -9.798493313923665E-015
  -1.00000000000000     
  9.531061074250655E-015
  6.187238834724132E-015
 -1.062566932825895E-016
 -8.146768386074581E-016
 -2.653793470314301E-016
  9.170201042300930E-017
  2.387085419029504E-017
  1.071445620883917E-016
 -5.090762855404429E-017
  4.707115826488067E-017
 -9.317748734552527E-017
  7.751616727749335E-017
  1.986749951108097E-018
 -1.549054789302467E-016
  4.088859042323164E-016
 -1.455213406107496E-016
 -1.721630854794479E-016
  8.688305246070580E-017
  1.884078832128119E-016
 -2.035421297797697E-016
  1.525734106646280E-016
 -1.930254808773858E-016
  6.829442297339393E-017
  1.812764151022080E-016
 -1.286619355367858E-017
 -4.741216100279133E-016
  3.961132637175829E-016
  4.296422159016928E-016
  3.874938564463202E-016
  1.567756341414050E-016
  1.566672139241613E-016
 -8.677954188573954E-016
  7.538457705291694E-016
  6.952988532149524E-016
 -1.191538187561574E-015
 -2.094949647785119E-015
 -1.432664750722342E-015
  1.266221031485190E-014
  1.003645951069832E-014
   1.00000000000000     
 -7.309105586845031E-016
 -5.986354864449065E-016
  8.640830152810091E-016
  7.796649970054816E-016
 -6.086331921595911E-016
 -2.449806647588839E-016
 -4.428387707126089E-016
  4.046676812657143E-016
  6.694066368651126E-016
  2.519234690801739E-016
 -7.091446602195369E-016
  2.618793848905896E-016
  3.040583066307289E-016
 -3.423411028844536E-017
  3.703551463690748E-016
 -1.581987626642060E-016
  5.508102384952673E-017
 -2.182085941248100E-016
 -4.770067102493609E-018
  8.108533005515431E-017
  3.457590943807527E-016
  2.828866012421856E-016
  1.345807702836590E-016
 -4.014120391773521E-017
  1.009392222584005E-016
 -2.755093245557213E-016
  1.949192218221595E-016
  1.006519086826919E-015
  2.692616095367751E-016
  2.674862284793313E-016
 -1.928524614308548E-017
  6.331605162043784E-016
  7.903495024240425E-016
 -4.564491146164177E-017
 -4.576823945876001E-016
  4.085273785925407E-016
 -3.232523846271325E-016
  5.329178938418004E-015
  9.160649383519676E-016
   1.00000000000000     
 -1.041252813399536E-016
  1.468092808071514E-015
 -3.747063871719016E-016
 -4.101699786541548E-016
 -8.926120268929681E-016
 -3.002647111522194E-016
  5.458286355305532E-016
  2.828175877129991E-016
  6.283873087971143E-016
  1.507815830377158E-016
  5.355166929669719E-016
 -5.120346556392271E-016
  1.975159133088897E-016
 -1.291550453980264E-016
  2.647437388462912E-016
  4.719851400619621E-016
  3.239065500089526E-016
  1.816687779630042E-016
  3.048169004113202E-016
  1.648017040927470E-016
  1.157364637565676E-016
 -2.574374935448708E-016
  3.381170249413935E-017
 -2.511554332562685E-016
 -1.496470048573117E-016
  1.503652887965853E-016
  5.888301998768802E-016
  1.283153271136570E-016
  6.410345344820539E-017
 -1.801672960127787E-016
 -3.608766931118013E-016
 -3.078321018229466E-016
 -1.053790301547286E-015
 -2.694513449169617E-016
 -2.591243192240498E-017
 -1.076622460913372E-015
 -6.787105599759276E-017
 -2.924371396420463E-016
 -2.675678007601080E-016
  -1.00000000000000     
 -7.099513946175886E-015
  2.752045765529779E-015
 -2.526659439332410E-015
 -1.660641910528685E-015
  6.777050328910982E-016
  4.287469788341500E-017
 -5.022743432965079E-016
 -5.428855816108358E-017
 -9.806284454178565E-016
 -2.442571576227632E-016
  1.762301687781265E-016
 -5.354589304986460E-016
 -3.229714552795257E-016
  8.758075536235161E-017
  1.123295051942712E-016
  2.306851816940444E-016
  3.062569747337211E-016
  3.697937968384071E-016
 -1.841958092994668E-017
  3.248878250230040E-017
  2.932899249603612E-016
  3.855050486324129E-017
 -4.892733353883945E-016
 -2.424945213705887E-016
  3.478357738558730E-016
  3.280592486033788E-016
 -1.135261318545992E-015
 -2.075417068021426E-016
 -1.845934666786560E-016
  3.768957802102726E-016
  2.486888733138706E-017
  5.194649777603294E-016
 -2.401804273586936E-016
 -5.843172083338752E-017
  1.098044625901061E-015
  5.561618331671753E-016
  1.107268099017238E-015
  1.507724243170441E-015
  7.181254685060560E-015
  -1.00000000000000     
  1.016776970552261E-015
  1.653510566495717E-015
  1.061907435760221E-015
 -3.944596698395778E-016
 -2.495622972031977E-016
 -1.235690337325040E-016
 -6.260662566515465E-016
 -2.918765772169533E-016
  3.108885241972315E-016
 -8.000702682953485E-016
  1.211742893069644E-016
  9.274184883680023E-016
  2.675148549211044E-016
 -2.694545556414770E-017
  4.517037500257912E-016
  1.605230703319322E-016
  9.129345575440026E-017
 -2.653954620802255E-016
  2.002926867115552E-016
  4.290464862880944E-016
 -1.647355238586475E-017
 -3.874938564463198E-016
  1.372599950366648E-016
  4.550396517921674E-016
  4.831204880595422E-016
  3.376205565119850E-016
 -5.507747036226451E-017
 -1.186117176699149E-016
 -2.334287277361293E-016
 -6.852157730108390E-017
  1.242495689668394E-016
 -6.762168949792098E-016
  1.140580685454743E-016
 -4.834358513498770E-017
  1.864827736675070E-016
  7.661319396115212E-016
 -7.275187718356424E-016
 -2.916257056133951E-015
 -1.400653994546105E-015
  -1.00000000000000     
 -1.746460808831127E-015
  8.379270568999413E-016
 -2.625648250865049E-015
  6.591165480161535E-016
 -8.677906851030237E-016
 -1.579990367427699E-015
 -9.793333277421035E-016
 -1.774857371944828E-016
 -6.020014047783902E-017
 -4.430207399852077E-016
 -1.901928434627545E-016
 -6.702739199833600E-017
 -1.169333083922299E-016
 -2.797230688633694E-017
 -1.766660529503221E-016
  4.001136184164728E-017
  1.517053316123834E-018
 -3.886420306727017E-017
  5.141740624310474E-016
  1.411094678735729E-017
 -5.493652407984056E-016
  2.818925648462292E-016
 -7.118871464539832E-016
 -4.458239333260414E-016
  1.001802807376608E-016
 -2.602085213965124E-017
 -2.448128505472269E-016
  3.998537612126540E-016
  1.869164545365009E-016
 -2.263814136149752E-016
  3.122502256758298E-017
 -1.348747502571967E-016
  1.241753267637479E-015
  1.999268806063261E-016
  5.326941422996979E-016
  5.776027068437594E-016
 -2.204190170677039E-015
  1.283512554602804E-015
 -1.609432335886245E-015
  0.999999999999999     
 -4.468252365617663E-015
  7.635736123619658E-016
  5.013648902420974E-016
 -1.578424727919117E-016
  3.473171388573180E-016
  7.104369503239966E-016
 -2.223004957510141E-016
  4.691739035956309E-016
  1.175512874507372E-015
 -6.983537181936953E-016
 -2.147648688337956E-016
 -5.683022682610820E-017
 -4.311269049344983E-016
 -7.823152194556961E-016
 -3.969072855060256E-016
 -2.967150167117551E-016
  3.661636617218675E-017
 -2.203185841677794E-016
  5.808928724319777E-017
  2.957703526540459E-016
  1.951563910473467E-018
 -1.748818104219137E-016
  6.886852199627920E-016
 -2.547875105340939E-016
 -6.529065482707698E-016
 -6.609838544557897E-016
  7.246807320893108E-016
  1.023486850826325E-016
  5.277896175659420E-016
 -2.779894370252839E-016
  1.318389841742395E-016
  5.817037517894438E-016
 -3.295974604355910E-017
 -1.099110356300391E-016
  3.206517067794633E-016
 -1.294597936202151E-015
  9.924167176752011E-016
  8.525646045187287E-016
  4.521410731833873E-015
   1.00000000000000     
  3.700577033517145E-015
  2.210514060677236E-015
 -1.209043196001636E-015
 -1.513314858811027E-015
 -2.204666879896683E-017
 -2.021920088164928E-015
  6.621688881742190E-016
 -3.878864653812537E-016
 -7.106169123917668E-016
 -8.028569199256904E-016
  2.484090705493201E-016
 -6.879501450612681E-016
  2.003816438225249E-016
 -1.007950018797807E-016
 -6.849074921978633E-018
 -1.850443899210354E-017
  3.516978250926724E-016
 -5.856724111845491E-018
  6.487865800153289E-016
 -2.616179842207508E-016
  6.749700624808532E-016
  2.905661822261211E-017
  1.066854937725715E-016
 -4.976487971708605E-017
  3.369158250998614E-016
  2.686652983419032E-016
  3.135512682828125E-016
  1.268516541807995E-016
 -2.728936868146039E-016
  1.062518129035836E-016
 -3.684760093561986E-016
 -2.680147770384173E-016
 -3.677381575226934E-016
 -1.662475289175061E-016
 -4.835367775195395E-016
  2.008159216554835E-016
  2.292701137232194E-015
  8.291483988973039E-016
  3.032624179211356E-015
  -1.00000000000000     
  2.735195190983023E-014
 -1.142819746983257E-015
  1.240497450445692E-015
 -1.215006657376416E-017
  5.456232398498150E-016
  1.518910948837623E-015
 -7.333134326367307E-016
  1.067539580694351E-016
  4.372734726175436E-017
 -3.695360249091140E-016
 -5.107119331878629E-016
 -1.251848845847972E-016
  4.871835581425861E-017
 -9.274442971964773E-017
  3.100536827883447E-016
 -1.787676146971177E-016
 -3.804206607748649E-017
 -4.832289082767881E-016
  4.279345974800289E-016
 -5.494736610156544E-016
  3.343679499945322E-016
  3.287300986976083E-016
  8.391724815037198E-017
  1.340073885192090E-016
  3.217912047937015E-016
  1.075528555105594E-016
  1.817122841085732E-016
  3.744834303764908E-016
 -1.374768354711630E-016
  4.832641639047931E-016
  5.963111948670160E-017
  5.349957179292948E-016
  3.846708223788763E-016
 -2.939345144743683E-016
  5.963938579748262E-016
  1.714409397544158E-017
  7.531433003498064E-016
  2.288047912506683E-015
 -2.686327766082988E-014
  -1.00000000000000     
 -2.369197196076274E-015
 -6.976481680262907E-016
  3.883612173981486E-015
  1.819365244730368E-016
 -5.251730205336222E-016
  5.277883628181533E-016
 -5.333464042806265E-016
 -2.792250008328324E-016
  4.917449395392356E-016
  1.308363211764445E-015
 -1.060226784367156E-016
 -1.953146306890623E-016
  1.133393058219848E-016
 -7.668626603664480E-017
  2.954788020619866E-017
  7.071655766491958E-017
 -9.172350379227226E-017
 -2.625937661759869E-016
  4.748805515486481E-016
 -3.035766082956602E-018
  2.443791696782315E-016
 -2.688821387763964E-017
 -3.380271323266651E-016
 -2.025289658202924E-016
  4.445228907189232E-018
 -1.756407519426570E-016
  2.879098869035277E-016
 -3.269953752216293E-016
 -3.771487020451623E-016
  1.222980050563649E-016
 -4.102076364386266E-016
 -3.344237387496072E-017
  2.958532157357697E-017
 -1.439807137749297E-017
 -1.264594346685236E-015
  5.058891882952793E-016
  1.210075525625501E-015
 -1.143492359501855E-015
 -1.991486414859952E-015
   1.00000000000000     
  1.026313674758827E-014
 -2.094794791872385E-014
 -3.945802148663458E-015
  4.838672496220910E-015
 -1.409704481913622E-016
  2.962088160586623E-015
  1.149292761432741E-016
 -1.280949488637350E-017
 -5.275187388589161E-016
  8.405944566141607E-017
 -7.066026973747223E-017
  2.442701061986162E-020
  2.158859892439310E-016
 -1.915509656460435E-016
  5.888365352651802E-018
 -1.157927920214506E-016
  3.400058012914527E-016
 -1.065770735553339E-016
 -5.637851296923691E-017
 -9.757819552369728E-017
  1.604619215278246E-017
  1.949937607215131E-016
  2.857956926671821E-016
 -3.542088497510130E-016
 -7.199102425302677E-017
 -2.453549516334746E-016
  8.413408858488666E-017
 -7.296766304490738E-016
 -9.714451465469767E-017
  1.706622965431417E-016
 -1.133148027580730E-015
  1.156008618360102E-016
 -1.114012355612066E-015
 -1.028223959161016E-015
 -6.185574341899400E-016
  1.244997330438672E-015
  1.073326958706134E-015
 -4.142653479757808E-016
 -1.023312440389227E-014
   1.00000000000000     
  3.135047702807684E-014
 -2.650870434138078E-014
  8.500126368058334E-016
 -4.326924795947578E-016
 -3.044299374111455E-015
 -7.223156974081751E-017
 -7.547869091612835E-016
  6.111973299809307E-016
  1.447591279754762E-016
  1.932863442221745E-016
  1.102021751518956E-016
 -8.727338666936204E-017
  1.227606476451696E-016
 -2.447113899416042E-017
  3.285132582630490E-017
  1.007765919325156E-016
  2.356784472440501E-016
  3.504141421473198E-016
  6.447750319771202E-016
  6.814210654071134E-017
  1.488067481735599E-017
 -1.167685739766891E-016
 -2.738152586612076E-016
  2.772304955045417E-016
 -1.673466053231277E-016
 -3.664603343000864E-017
 -1.037562923061682E-016
  8.413408858487555E-017
  9.522738358555769E-016
 -1.746941169697509E-016
 -8.679530857755451E-016
 -6.113377614832663E-017
 -3.929767058575911E-016
 -4.817422564867097E-016
 -3.186923822550400E-016
 -1.075151476655714E-016
  3.413248516374328E-015
  2.110229801540659E-014
 -3.082936218124439E-014
   1.00000000000000     
 -1.952812494182532E-014
  5.659754488797937E-015
  1.953972863210385E-016
  2.632796506815837E-015
 -2.211169382573571E-015
 -5.938985886758851E-016
 -4.171331058212077E-016
  1.663066029084208E-016
 -2.747980951513448E-016
  2.863799870341278E-016
 -2.799201056432759E-017
  2.432996094169823E-016
  1.246428879883546E-016
 -1.019150042136384E-016
 -3.035766082959721E-017
 -2.192256792765639E-016
  5.837344496661921E-016
  8.500145032286100E-017
  1.626303258728330E-017
 -3.212491037074555E-016
 -2.458970527197170E-016
  2.471980953267004E-016
 -1.283695372222871E-016
 -2.766883944182990E-016
  6.574601973952124E-016
  2.895894975397796E-016
  4.510281037539812E-017
  4.646629555270581E-016
 -3.272621855900076E-016
 -4.002371012938026E-017
 -5.527428115068297E-016
 -3.046121910621156E-016
 -5.258450445212407E-016
 -1.733191545988987E-015
 -9.295857918510498E-017
 -3.909389332107603E-016
 -4.368646458935879E-015
 -2.686990323083042E-014
 -1.942557387215329E-014
  -1.00000000000000     
  7.996734342375641E-017
 -1.167536093441939E-015
  2.383510355891987E-016
  2.987713658060149E-016
 -5.883262212590879E-016
  3.319265635130777E-016
 -3.369103649275606E-016
 -2.334986147557649E-016
 -1.264737382252843E-016
  2.560882081860197E-018
 -3.521796160654019E-016
  6.382044577053976E-017
  1.076070656191861E-016
 -1.912532632264458E-016
 -4.426797470258307E-016
  7.719519468096948E-017
 -2.533780477098617E-016
 -5.149960319306272E-017
 -1.816038638913242E-016
 -4.737963493761524E-017
  3.930232875259939E-016
  1.029992063861257E-016
 -4.074431764200523E-016
  3.001071613439865E-016
  2.403039002732870E-016
  1.864827736675046E-016
 -2.335623718033425E-016
  1.173505841081343E-016
 -1.741892988368413E-016
  8.077626576614090E-016
 -4.468728085505878E-016
  4.933730209805991E-016
  2.225611554752360E-016
 -1.514938676668540E-015
  9.487881254042061E-016
  4.459581259529613E-015
  7.191025987138217E-016
  4.687943978730516E-015
 -2.166426747369464E-016
  -1.00000000000000     
  3.067390801766754E-015
 -6.222742147875671E-015
  3.165605816912867E-017
 -2.993182018215381E-016
 -6.605829101955930E-016
 -1.341878282797534E-016
  8.897517087206019E-017
 -1.519263223037136E-016
  1.620418271419408E-016
  7.891206527971931E-017
 -3.965411128176012E-017
  3.325248063013027E-016
  8.375461782450120E-017
  4.088797442985814E-017
  1.647987302178010E-016
  1.908195823574506E-016
  7.090682208055026E-017
  9.367506770274471E-017
  6.261267546104043E-017
 -3.854338723186308E-017
 -2.032879073409633E-017
  1.203464411458889E-016
 -1.511106777901688E-016
  5.971791348879675E-016
 -1.898438004022152E-016
  1.682965785622607E-016
  1.395350709197365E-016
 -4.482893025468933E-016
  3.890916646471390E-016
 -4.851506698469659E-016
 -6.687216497008295E-016
  5.068008492190503E-016
 -4.184474002723012E-016
  2.720563934193963E-016
  4.602614056952161E-016
 -2.873238223454491E-016
 -2.606212378372701E-016
 -1.491745888551295E-015
  2.591322316097648E-015
   1.00000000000000     
 -1.917068329995672E-014
  4.982507166928349E-016
  6.013818403237956E-016
 -2.661634072161054E-016
 -2.184797900400528E-016
  3.710806466826333E-017
 -2.165011768396465E-016
  5.712948389617038E-019
  3.192466531894715E-016
 -3.748927475527325E-017
 -1.316356962668890E-016
  1.548105177037730E-016
  1.454448744059801E-016
 -3.189180690366109E-016
 -2.511283282019555E-017
  1.776261971710156E-016
  3.943378826601347E-016
  8.150489831659515E-017
  6.408990092105351E-017
 -1.714191397335357E-016
 -1.195366776483157E-016
  2.428765332298057E-016
  5.275729873629963E-017
  1.084642629618002E-016
 -8.898264027284162E-016
  1.478896500769646E-016
  1.150562038293304E-016
  2.289247040016875E-016
 -2.874240789710848E-016
  6.427569920658332E-016
  7.308902174639406E-016
  2.989959229534934E-016
 -3.277339477746938E-016
 -3.044341624564430E-015
  2.767601003112314E-015
 -2.834641884721407E-015
 -2.178356485300202E-016
 -6.280321279967687E-015
  1.906916459514404E-014
   1.00000000000000     
 -9.361276882120240E-016
  1.314916520053456E-015
 -3.425227237956604E-017
 -2.575716024765056E-016
  2.008054806143439E-017
 -1.481633391878676E-016
 -5.185742557310355E-016
  6.247215806385082E-017
  7.056667417759847E-017
 -3.158277124913854E-016
  2.723813982449828E-016
 -3.176509007487904E-016
  6.495600988883018E-016
  4.993190472818263E-016
  1.550645477391690E-016
 -2.283528582298610E-016
 -2.400117692222970E-016
 -1.841031605016743E-016
  1.432654724653497E-016
 -2.950443773374071E-016
 -3.431845314698908E-017
 -2.793885868548239E-017
  2.768434731538723E-016
  3.054358057913833E-016
  1.480424048163209E-016
 -2.939231107227816E-016
  4.722116061476522E-016
 -1.132958430559440E-016
  1.424293374963463E-016
  4.643997629789569E-016
  1.364653992754806E-016
 -6.946027506678499E-016
  9.936856654140787E-017
 -2.418682563113851E-016
  1.739619498465510E-015
  2.501275852445570E-016
  1.486966338902959E-018
 -3.868195123411763E-016
  8.186594611036081E-016
  0.999999999999999     
 -1.673868634598786E-014
 -7.694651834099682E-015
 -1.528746847321451E-016
  5.036658555588907E-016
  2.028167896372633E-016
 -9.901798807543809E-018
 -1.159720318822567E-016
 -2.652467404161977E-016
  2.662191357347170E-017
  3.003980233603782E-016
 -1.862398024419727E-016
  1.620509939494263E-016
 -3.217906902098348E-017
 -1.392959282741168E-017
  1.679623716832254E-016
  1.578130585523156E-016
  2.797970949965742E-016
  3.681100337970099E-016
  1.532355313295266E-016
 -2.194840711039970E-016
  7.637408619251488E-017
 -2.669703695816986E-016
  7.993871147953034E-017
  2.433736356831742E-016
 -1.167740059143230E-016
  1.421538146636709E-016
 -4.812580258139575E-016
 -3.273124522541173E-016
 -3.570181057678567E-016
 -1.944309018410253E-016
 -4.595415665458227E-016
 -9.685108722172903E-018
  7.509689223854946E-016
  3.513855830586846E-016
 -6.119758780864285E-016
 -7.437695724677492E-016
 -8.123185724604853E-016
 -5.502004152844795E-016
  1.730863071786344E-014
   1.00000000000000     
  2.576270360238332E-014
  2.646280061995384E-016
  3.433870191684656E-016
  2.829028358845301E-016
 -2.092152034996616E-016
  4.092768681069799E-016
 -7.899343011629519E-017
 -4.017809850193702E-016
  4.994103216961089E-017
 -3.434945994625605E-016
 -3.956442183441620E-016
  3.333823478221668E-017
  1.032639837174917E-016
  2.763685765244581E-017
  7.886262674268934E-017
 -5.922754284959953E-017
  3.715140331073602E-016
 -1.034570132507683E-016
  1.075969608803885E-016
  4.517884554538650E-016
 -1.138085761660331E-016
  1.613750175841473E-016
 -1.414113655908994E-016
  3.628928489699975E-016
 -9.368819968780800E-017
  1.086680128727620E-017
 -1.433931375166171E-016
 -2.424526252565660E-016
 -2.702099376137614E-016
  1.298514666563299E-015
  4.677320008602668E-017
 -4.438632373416070E-016
  1.374943584652586E-016
 -8.065787066329959E-016
  3.565394609053743E-017
  2.689776417412282E-016
  9.801763621672306E-016
  8.023669711465089E-015
 -2.648711328392951E-014
   1.00000000000000     
 -5.242000207325534E-016
  7.202361778968391E-016
 -1.805344673112626E-016
 -4.445006184430128E-016
  5.008874851609136E-017
 -1.652526030113514E-017
 -6.287385540743209E-018
 -2.954586871778979E-017
 -1.022534292408401E-016
 -6.345380408722622E-018
  7.809071544027644E-017
  1.745639015588423E-016
  8.631210158170476E-017
  3.295670509352176E-017
  9.024137524420358E-017
 -9.761015740403123E-017
  1.617941749329272E-016
 -1.086380528862219E-016
  3.406079391027190E-016
 -2.034404073663422E-016
  2.016728257600032E-016
 -2.911794301964997E-016
  4.024900879444233E-016
  3.427271365949691E-016
 -1.941798080078829E-016
  3.707000992315778E-016
 -1.740683246341914E-016
 -1.296499571264273E-016
 -5.782960734290900E-017
 -4.817807111845646E-017
 -1.464763851863131E-016
  3.614936901159556E-017
 -3.190506997633925E-016
  7.265269167107220E-017
 -1.462570550225362E-016
  1.659299550290421E-016
 -1.159377945205847E-016
 -6.814306495468854E-017
  1.339857189385377E-016
  -1.00000000000000     
  9.227776509747893E-015
 -5.581552203965140E-015
 -5.183776495855852E-015
  1.894278226272221E-015
  3.326895762584850E-016
  9.363876549341003E-017
 -1.925244936334547E-016
 -8.835669380425339E-017
 -3.688995768743236E-016
 -2.268569104923879E-016
 -2.393348750593820E-016
 -1.544937818388614E-016
 -5.287935407741868E-017
  1.281851536413275E-016
  4.250815992326272E-017
 -1.435963570295586E-016
  2.454567490081824E-016
 -1.003536657133857E-016
  1.472979435360743E-016
  3.021923804524111E-017
 -2.899262029486374E-016
  4.347607092379891E-017
  3.929375803823336E-017
  1.871389985809855E-017
  1.206365462349453E-016
  7.673115974137552E-017
 -2.307543823144965E-017
 -6.914333089142151E-017
 -1.572565039533687E-016
 -2.362314541744649E-016
 -6.826368060580052E-017
  8.162432112755239E-018
 -7.058927090380090E-017
  5.132105586329070E-016
 -1.733853464344431E-016
 -9.056535632138658E-017
 -1.132060544390070E-016
 -6.129948810995442E-016
 -9.664212711252341E-015
  -1.00000000000000     
 -2.133746856310761E-014
  4.619317529062047E-015
  5.024429948111882E-017
  3.080888777596367E-016
  1.818078909922135E-017
 -4.336533908729665E-016
  5.542317099085885E-017
 -1.371644449902591E-016
  4.643401833219020E-017
  1.967544893169046E-017
  2.627579706717926E-016
 -2.785494937342035E-016
 -2.205983560974278E-016
  1.208312610905685E-016
 -2.282640873824154E-016
  5.020700214775085E-016
 -4.062520445590464E-017
  2.117557252312607E-016
  1.873400676611396E-016
  2.947843656146323E-017
  8.721230131779156E-017
  9.476025306480102E-017
 -6.684740688205363E-017
  7.734665825914456E-018
 -7.210300019429781E-017
  2.651852999943957E-016
 -2.323991652897995E-016
  1.401387838804778E-016
  9.433573409914276E-017
 -2.331447715239633E-016
 -1.124771622545298E-016
 -6.455046643553118E-017
 -1.130662371335036E-016
 -2.766101544362096E-016
 -6.240194857988225E-016
 -3.349083080058358E-016
  3.934988511097967E-017
 -5.881488460325622E-015
 -2.128989486885828E-014
   1.00000000000000     
 -1.440611127103521E-015
  7.935233351961247E-016
  1.454810387493972E-016
  3.693460346468081E-017
 -1.107163928448105E-016
  8.911114496653435E-017
 -1.604906954323325E-016
 -1.161704909592492E-016
 -2.011353214125461E-017
  1.269113795588718E-016
  6.443812544498081E-018
  1.434215028576732E-016
  1.145429634073313E-016
 -2.851216913536816E-017
  1.019059490278606E-016
  2.717695074799603E-016
  2.739793016180441E-017
  2.668849465593327E-017
  1.319386863764090E-016
  6.816735271289699E-017
 -4.058453351530613E-016
  9.736615941195482E-017
 -6.524232825026595E-017
  1.726904023969870E-016
 -1.081075081779119E-016
  2.782365253967441E-016
  3.303296506579308E-016
 -9.594044283583941E-018
 -6.032531786734775E-017
 -2.205696933309729E-016
 -5.501580459119812E-018
 -2.605958916882965E-016
  1.838634327802569E-016
  2.223449145586915E-016
 -4.534425105729008E-017
 -5.296264233692014E-016
  4.912388928645115E-015
 -4.300866570876476E-015
 -2.127248114886223E-015
  -1.00000000000000     
  5.944740246586038E-017
 -1.160767610258166E-016
 -4.841936777352179E-017
 -1.797037954951723E-016
 -6.303798093806878E-016
 -2.393909672881009E-016
 -1.422282759968798E-016
  1.970585376783676E-016
  2.419524878959376E-016
  5.935071956417512E-017
 -2.747516359513091E-017
 -3.010793473565464E-016
  7.211993734747567E-017
 -2.246466058878482E-017
 -1.339649766907482E-016
  1.325315232037229E-016
 -4.523049614072704E-016
 -1.911788612101473E-016
 -2.462096848946070E-016
  1.591438757100859E-016
 -1.100510907204636E-016
  1.306642745248408E-017
  4.626211502657357E-017
  1.602671344003360E-016
  1.474524992398593E-016
  3.235043372713661E-016
 -2.082363262326498E-016
 -4.242833777016723E-016
 -1.180881232800608E-016
 -5.007675207077118E-017
 -2.519987047777677E-016
  3.545952454444660E-016
  1.957979850957865E-016
 -4.465868887968874E-016
  4.974918804970225E-017
 -2.182545983541893E-015
 -3.947071890251382E-016
 -3.025686390887012E-017
  1.765970109878721E-017
  -1.00000000000000     
 -1.647075819580356E-016
  4.513907967674803E-017
 -3.075072241404445E-017
  3.688814380657259E-017
 -6.493039042504778E-017
 -4.448189702107084E-017
 -1.046909801037036E-017
 -1.481474096779090E-017
  5.496228047514613E-017
  2.521124760899249E-017
  3.847894726191405E-017
  4.213269847926164E-017
 -1.004585633167257E-016
  5.874412762202906E-017
 -1.286619355367897E-017
  4.014120391773432E-017
 -3.381170249413899E-017
  3.855050486324123E-017
 -1.647355238586449E-017
  1.411094678735734E-017
 -5.808928724319781E-017
  5.856724111846018E-018
 -3.804206607748466E-017
  7.071655766492018E-017
 -5.888365352653611E-018
  2.447113899416592E-017
 -1.246428879883521E-016
  6.382044577054165E-017
 -3.965411128176038E-017
  3.748927475527176E-017
 -7.056667417759945E-017
  2.652467404161996E-016
  7.899343011629040E-017
  1.652526030113541E-017
  3.326895762584892E-016
  3.080888777596367E-016
 -1.454810387493892E-016
 -1.160767610258161E-016
 -1.647075819580362E-016
   1.00000000000000     
