     4.00000     0.29551348    
     4.01200     0.30269748    
     4.02400     0.31011304    
     4.03600     0.31777110    
     4.04800     0.32568330    
     4.06000     0.33386197    
     4.07200     0.34232026    
     4.08400     0.35107214    
     4.09600     0.36013252    
     4.10800     0.36951727    
     4.12000     0.37924337    
     4.13200     0.38932897    
     4.14400     0.39979346    
     4.15600     0.41065767    
     4.16800     0.42194392    
     4.18000     0.43367620    
     4.19200     0.44588031    
     4.20400     0.45858406    
     4.21600     0.47181748    
     4.22800     0.48561300    
     4.24000     0.50000575    
     4.25200     0.51503384    
     4.26400     0.53073870    
     4.27600     0.54716543    
     4.28800     0.56436329    
     4.30000     0.58238614    
     4.31200     0.60129308    
     4.32400     0.62114911    
     4.33600     0.64202595    
     4.34800     0.66400296    
     4.36000     0.68716830    
     4.37200     0.71162028    
     4.38400     0.73746901    
     4.39600     0.76483839    
     4.40800     0.79386858    
     4.42000     0.82471904    
     4.43200     0.85757228    
     4.44400     0.89263860    
     4.45600     0.93016200    
     4.46800     0.97042749    
     4.48000      1.0137705    
     4.49200      1.0605881    
     4.50400      1.1113537    
     4.51600      1.1666346    
     4.52800      1.2271133    
     4.54000      1.2936134    
     4.55200      1.3671306    
     4.56400      1.4488682    
     4.57600      1.5402781    
     4.58800      1.6431054    
     4.60000      1.7594378    
     4.61200      1.8917548    
     4.62400      2.0429772    
     4.63600      2.2165105    
     4.64800      2.4162798    
     4.66000      2.6467488    
     4.67200      2.9129184    
     4.68400      3.2202981    
     4.69600      3.5748438    
     4.70800      3.9828579    
     4.72000      4.4508492    
     4.73200      4.9853503    
     4.74400      5.5926988    
     4.75600      6.2787862    
     4.76800      7.0487871    
     4.78000      7.9068836    
     4.79200      8.8560016    
     4.80400      9.8975792    
     4.81600      11.031387    
     4.82800      12.255417    
     4.84000      13.565855    
     4.85200      14.957142    
     4.86400      16.422128    
     4.87600      17.952307    
     4.88800      19.538122    
     4.90000      21.169309    
     4.91200      22.835267    
     4.92400      24.525403    
     4.93600      26.229448    
     4.94800      27.937698    
     4.96000      29.641171    
     4.97200      31.331684    
     4.98400      33.001823    
     4.99600      34.644848    
     5.00800      36.254538    
     5.02000      37.825002    
     5.03200      39.350491    
     5.04400      40.825236    
     5.05600      42.243338    
     5.06800      43.598724    
     5.08000      44.885175    
     5.09200      46.096430    
     5.10400      47.226345    
     5.11600      48.269097    
     5.12800      49.219404    
     5.14000      50.072731    
     5.15200      50.825473    
     5.16400      51.475078    
     5.17600      52.020108    
     5.18800      52.460235    
     5.20000      52.796169    
     5.21200      53.029530    
     5.22400      53.162687    
     5.23600      53.198577    
     5.24800      53.140522    
     5.26000      52.992071    
     5.27200      52.756868    
     5.28400      52.438563    
     5.29600      52.040771    
     5.30800      51.567064    
     5.32000      51.021001    
     5.33200      50.406175    
     5.34400      49.726274    
     5.35600      48.985135    
     5.36800      48.186782    
     5.38000      47.335455    
     5.39200      46.435595    
     5.40400      45.491825    
     5.41600      44.508894    
     5.42800      43.491613    
     5.44000      42.444777    
     5.45200      41.373097    
     5.46400      40.281124    
     5.47600      39.173199    
     5.48800      38.053407    
     5.50000      36.925560    
     5.51200      35.793188    
     5.52400      34.659546    
     5.53600      33.527636    
     5.54800      32.400231    
     5.56000      31.279902    
     5.57200      30.169040    
     5.58400      29.069883    
     5.59600      27.984524    
     5.60800      26.914918    
     5.62000      25.862885    
     5.63200      24.830103    
     5.64400      23.818099    
     5.65600      22.828243    
     5.66800      21.861736    
     5.68000      20.919608    
     5.69200      20.002718    
     5.70400      19.111751    
     5.71600      18.247231    
     5.72800      17.409528    
     5.74000      16.598875    
     5.75200      15.815378    
     5.76400      15.059038    
     5.77600      14.329757    
     5.78800      13.627360    
     5.80000      12.951599    
     5.81200      12.302167    
     5.82400      11.678703    
     5.83600      11.080794    
     5.84800      10.507988    
     5.86000      9.9597865    
     5.87200      9.4356546    
     5.88400      8.9350209    
     5.89600      8.4572816    
     5.90800      8.0018039    
     5.92000      7.5679303    
     5.93200      7.1549837    
     5.94400      6.7622716    
     5.95600      6.3890922    
     5.96800      6.0347381    
     5.98000      5.6985016    
     5.99200      5.3796783    
     6.00400      5.0775705    
     6.01600      4.7914901    
     6.02800      4.5207603    
     6.04000      4.2647177    
     6.05200      4.0227132    
     6.06400      3.7941128    
     6.07600      3.5782980    
     6.08800      3.3746669    
     6.10000      3.1826339    
     6.11200      3.0016305    
     6.12400      2.8311055    
     6.13600      2.6705256    
     6.14800      2.5193755    
     6.16000      2.3771587    
     6.17200      2.2433972    
     6.18400      2.1176321    
     6.19600      1.9994235    
     6.20800      1.8883503    
     6.22000      1.7840106    
     6.23200      1.6860205    
     6.24400      1.5940145    
     6.25600      1.5076447    
     6.26800      1.4265801    
     6.28000      1.3505064    
     6.29200      1.2791251    
     6.30400      1.2121533    
     6.31600      1.1493227    
     6.32800      1.0903791    
     6.34000      1.0350823    
     6.35200     0.98320497    
     6.36400     0.93453257    
     6.37600     0.88886259    
     6.38800     0.84600418    
     6.40000     0.80577757    
     6.41200     0.76801363    
     6.42400     0.73255335    
     6.43600     0.69924734    
     6.44800     0.66795536    
     6.46000     0.63854586    
     6.47200     0.61089547    
     6.48400     0.58488860    
     6.49600     0.56041698    
     6.50800     0.53737922    
     6.52000     0.51568049    
     6.53200     0.49523204    
     6.54400     0.47595094    
     6.55600     0.45775966    
     6.56800     0.44058581    
     6.58000     0.42436179    
     6.59200     0.40902452    
     6.60400     0.39451515    
     6.61600     0.38077883    
     6.62800     0.36776442    
     6.64000     0.35542427    
     6.65200     0.34371399    
     6.66400     0.33259226    
     6.67600     0.32202059    
     6.68800     0.31196317    
     6.70000     0.30238665    
     6.71200     0.29326001    
     6.72400     0.28455437    
     6.73600     0.27624287    
     6.74800     0.26830051    
     6.76000     0.26070405    
     6.77200     0.25343183    
     6.78400     0.24646374    
     6.79600     0.23978104    
     6.80800     0.23336632    
     6.82000     0.22720334    
     6.83200     0.22127703    
     6.84400     0.21557334    
     6.85600     0.21007919    
     6.86800     0.20478240    
     6.88000     0.19967163    
     6.89200     0.19473632    
     6.90400     0.18996662    
     6.91600     0.18535334    
     6.92800     0.18088792    
     6.94000     0.17656237    
     6.95200     0.17236922    
     6.96400     0.16830151    
     6.97600     0.16435271    
     6.98800     0.16051675    
     7.00000     0.15678792    
     7.01200     0.15316088    
     7.02400     0.14963065    
     7.03600     0.14619252    
     7.04800     0.14284212    
     7.06000     0.13957531    
     7.07200     0.13638821    
     7.08400     0.13327719    
     7.09600     0.13023882    
     7.10800     0.12726986    
     7.12000     0.12436727    
     7.13200     0.12152819    
     7.14400     0.11874989    
     7.15600     0.11602983    
     7.16800     0.11336558    
     7.18000     0.11075484    
     7.19200     0.10819544    
     7.20400     0.10568532    
     7.21600     0.10322253    
     7.22800     0.10080519    
     7.24000     0.98431550E-01
     7.25200     0.96099917E-01
     7.26400     0.93808688E-01
     7.27600     0.91556332E-01
     7.28800     0.89341387E-01
     7.30000     0.87162455E-01
     7.31200     0.85018201E-01
     7.32400     0.82907345E-01
     7.33600     0.80828659E-01
     7.34800     0.78780969E-01
     7.36000     0.76763144E-01
     7.37200     0.74774098E-01
     7.38400     0.72812788E-01
     7.39600     0.70878209E-01
     7.40800     0.68969391E-01
     7.42000     0.67085400E-01
     7.43200     0.65225336E-01
     7.44400     0.63388327E-01
     7.45600     0.61573531E-01
     7.46800     0.59780132E-01
     7.48000     0.58007342E-01
     7.49200     0.56254396E-01
     7.50400     0.54520552E-01
     7.51600     0.52805088E-01
     7.52800     0.51107306E-01
     7.54000     0.49426524E-01
     7.55200     0.47762081E-01
     7.56400     0.46113331E-01
     7.57600     0.44479646E-01
     7.58800     0.42860413E-01
     7.60000     0.41255032E-01
     7.61200     0.39662920E-01
     7.62400     0.38083505E-01
     7.63600     0.36516228E-01
     7.64800     0.34960541E-01
     7.66000     0.33415908E-01
     7.67200     0.31881802E-01
     7.68400     0.30357709E-01
     7.69600     0.28843120E-01
     7.70800     0.27337537E-01
     7.72000     0.25840471E-01
     7.73200     0.24351439E-01
     7.74400     0.22869967E-01
     7.75600     0.21395585E-01
     7.76800     0.19927833E-01
     7.78000     0.18466253E-01
     7.79200     0.17010395E-01
     7.80400     0.15559814E-01
     7.81600     0.14114069E-01
     7.82800     0.12672722E-01
     7.84000     0.11235342E-01
     7.85200     0.98014984E-02
     7.86400     0.83707655E-02
     7.87600     0.69427199E-02
     7.88800     0.55169409E-02
     7.90000     0.40930096E-02
     7.91200     0.26705092E-02
     7.92400     0.12490243E-02
     7.93600    -0.17185969E-03
     7.94800    -0.15925561E-02
     7.96000    -0.30134781E-02
     7.97200    -0.44350385E-02
     7.98400    -0.58576503E-02
     7.99600    -0.72817271E-02
     8.00800    -0.87076830E-02
     8.02000    -0.10135934E-01
     8.03200    -0.11566896E-01
     8.04400    -0.13000987E-01
     8.05600    -0.14438630E-01
     8.06800    -0.15880246E-01
     8.08000    -0.17326261E-01
     8.09200    -0.18777103E-01
     8.10400    -0.20233206E-01
     8.11600    -0.21695004E-01
     8.12800    -0.23162938E-01
     8.14000    -0.24637452E-01
     8.15200    -0.26118994E-01
     8.16400    -0.27608018E-01
     8.17600    -0.29104985E-01
     8.18800    -0.30610359E-01
     8.20000    -0.32124612E-01
     8.21200    -0.33648223E-01
     8.22400    -0.35181675E-01
     8.23600    -0.36725463E-01
     8.24800    -0.38280086E-01
     8.26000    -0.39846053E-01
     8.27200    -0.41423882E-01
     8.28400    -0.43014099E-01
     8.29600    -0.44617241E-01
     8.30800    -0.46233853E-01
     8.32000    -0.47864494E-01
     8.33200    -0.49509732E-01
     8.34400    -0.51170146E-01
     8.35600    -0.52846328E-01
     8.36800    -0.54538885E-01
     8.38000    -0.56248434E-01
     8.39200    -0.57975608E-01
     8.40400    -0.59721054E-01
     8.41600    -0.61485436E-01
     8.42800    -0.63269431E-01
     8.44000    -0.65073736E-01
     8.45200    -0.66899063E-01
     8.46400    -0.68746145E-01
     8.47600    -0.70615731E-01
     8.48800    -0.72508592E-01
     8.50000    -0.74425521E-01
     8.51200    -0.76367329E-01
     8.52400    -0.78334854E-01
     8.53600    -0.80328954E-01
     8.54800    -0.82350515E-01
     8.56000    -0.84400448E-01
     8.57200    -0.86479690E-01
     8.58400    -0.88589207E-01
     8.59600    -0.90729994E-01
     8.60800    -0.92903079E-01
     8.62000    -0.95109519E-01
     8.63200    -0.97350408E-01
     8.64400    -0.99626873E-01
     8.65600    -0.10194008    
     8.66800    -0.10429123    
     8.68000    -0.10668157    
     8.69200    -0.10911238    
     8.70400    -0.11158499    
     8.71600    -0.11410078    
     8.72800    -0.11666118    
     8.74000    -0.11926765    
     8.75200    -0.12192173    
     8.76400    -0.12462501    
     8.77600    -0.12737911    
     8.78800    -0.13018575    
     8.80000    -0.13304669    
     8.81200    -0.13596377    
     8.82400    -0.13893890    
     8.83600    -0.14197405    
     8.84800    -0.14507127    
     8.86000    -0.14823272    
     8.87200    -0.15146061    
     8.88400    -0.15475727    
     8.89600    -0.15812509    
     8.90800    -0.16156660    
     8.92000    -0.16508441    
     8.93200    -0.16868126    
     8.94400    -0.17235997    
     8.95600    -0.17612354    
     8.96800    -0.17997505    
     8.98000    -0.18391775    
     8.99200    -0.18795502    
     9.00400    -0.19209040    
