[[-1.3757862   1.9277799   2.74775464]
 [-2.10719799 -2.35375166  2.77480449]
 [-3.17457132  0.03413591  2.84013315]
 [ 0.46506303 -2.80302911  2.81368534]
 [ 2.18706256 -0.91410233  2.80194091]
 [ 4.98524067 -1.3226302   2.84044874]
 [ 1.27509418  1.6963355   2.82011948]
 [ 2.62108295  3.58573884  2.88349587]
 [-5.4570723   0.40618742  2.93903648]
 [ 0.99823456 -4.77520918  2.8409235 ]
 [-2.05883515  3.71468261  2.80569777]
 [-3.3565928  -3.79002827  2.86314107]
 [ 5.43477752 -3.33008149  2.82593384]
 [ 5.8153717  -0.46560757  4.51625702]
 [ 5.86171252 -0.43281971  1.20567603]]