[[[-1.3757862   1.9277799   2.74775464]
  [-2.10719799 -2.35375166  2.77480449]
  [-3.17457132  0.03413591  2.84013315]
  ...
  [ 5.43477752 -3.33008149  2.82593384]
  [ 5.8153717  -0.46560757  4.51625702]
  [ 5.86171252 -0.43281971  1.20567603]]

 [[-1.3768593   1.92804221  2.74776593]
  [-2.1069903  -2.35318553  2.77476744]
  [-3.17432312  0.03479638  2.84011623]
  ...
  [ 5.43455865 -3.33131313  2.82598295]
  [ 5.81509858 -0.46682752  4.51606689]
  [ 5.86142893 -0.43410714  1.20585687]]

 [[-1.37470963  1.92751528  2.74774338]
  [-2.10740479 -2.35432041  2.77484163]
  [-3.17481686  0.03347376  2.84015009]
  ...
  [ 5.43499415 -3.32884747  2.82588474]
  [ 5.81564292 -0.46438538  4.51644712]
  [ 5.86199423 -0.43152999  1.20549531]]

 ...

 [[-1.37575356  1.92781898  2.74908574]
  [-2.10718338 -2.35373535  2.77391007]
  [-3.17461331  0.03412821  2.83907254]
  ...
  [ 5.43473268 -3.33011314  2.83149138]
  [ 5.81759889 -0.45979165  4.51149873]
  [ 5.85967375 -0.43852654  1.20076687]]

 [[-1.37568525  1.9277405   2.74779085]
  [-2.10715055 -2.35377685  2.77622417]
  [-3.17468596  0.03415778  2.83697898]
  ...
  [ 5.4348884  -3.33005575  2.81906425]
  [ 5.82024537 -0.46821628  4.51314981]
  [ 5.8571572  -0.43027983  1.20250687]]

 [[-1.3757862   1.9277799   2.74775464]
  [-2.10719799 -2.35375166  2.77480449]
  [-3.17457132  0.03413591  2.84013315]
  ...
  [ 5.43477752 -3.33008149  2.82593384]
  [ 5.8153717  -0.46560757  4.51625702]
  [ 5.86171252 -0.43281971  1.20567603]]]