[-452.86846782 -452.86844742 -452.8684463  -452.86844854 -452.86844477
 -452.86844889 -452.86844636 -452.86845061 -452.86845295 -452.86844542
 -452.86845115 -452.8684484  -452.86845179 -452.86844709 -452.86844937
 -452.86845151 -452.86845054 -452.86845182 -452.86845146 -452.86844319
 -452.86844468 -452.86844611 -452.86844653 -452.86844439 -452.86844606
 -452.8684479  -452.86844889 -452.86845366 -452.86845427 -452.868452
 -452.86845301 -452.86844723 -452.86844644 -452.86844696 -452.8684469
 -452.86846328 -452.86846551 -452.86845301 -452.86845371 -452.86845924
 -452.86846189 -452.86845752 -452.86845804 -452.86845701 -452.86845718
 -452.86845492 -452.86845481 -452.86845607 -452.86845446 -452.86846476
 -452.86846247 -452.8684613  -452.86846084 -452.86845846 -452.8684577
 -452.86845656 -452.86845557 -452.86846372 -452.86846358 -452.86845781
 -452.8684572  -452.86846836 -452.86846715 -452.86845377 -452.86845218
 -452.86846628 -452.86846514 -452.86846715 -452.86846621 -452.86845895
 -452.86845921 -452.86846605 -452.86846634 -452.86846689 -452.86846694
 -452.86846711 -452.86846711 -452.86846634 -452.86846651]