[[[ 0.00000000e+00  0.00000000e+00  0.00000000e+00]
  [ 0.00000000e+00  0.00000000e+00  0.00000000e+00]
  [ 0.00000000e+00  0.00000000e+00  0.00000000e+00]
  ...
  [ 0.00000000e+00  0.00000000e+00  0.00000000e+00]
  [ 0.00000000e+00  0.00000000e+00  0.00000000e+00]
  [ 0.00000000e+00  0.00000000e+00  0.00000000e+00]]

 [[ 3.19550759e-04  5.90956843e-04 -1.33031792e-05]
  [ 1.00235734e-03  5.82143395e-04 -4.35407020e-05]
  [-9.42430710e-04 -5.76937912e-04  6.30396256e-05]
  ...
  [ 1.90239263e-05  1.49417393e-05 -6.81892713e-06]
  [ 7.55328891e-06  4.67848204e-05  1.07088928e-04]
  [ 9.44114541e-06  5.84548747e-05 -1.00150327e-04]]

 [[-3.05331515e-04 -5.97508690e-04  1.37407436e-06]
  [-1.00022776e-03 -5.84406767e-04 -2.96264978e-06]
  [ 9.40366788e-04  5.69588849e-04 -3.10762691e-05]
  ...
  [-2.22962013e-05 -1.32925253e-05 -8.06117506e-06]
  [-2.00855606e-06 -5.66407316e-05 -9.73357296e-05]
  [-6.49452671e-06 -5.01160562e-05  1.04479061e-04]]

 ...

 [[-1.15069378e-06 -1.47866215e-06 -3.96435824e-06]
  [-3.28503145e-07 -6.39626796e-07 -2.40216013e-06]
  [ 6.82971565e-06 -2.73404560e-06  2.60412973e-05]
  ...
  [-8.91970303e-07  6.07477353e-08 -9.05596932e-06]
  [-2.02750363e-05 -3.72190678e-06  8.01175662e-06]
  [ 2.22702479e-05  2.14194414e-06  7.18459034e-06]]

 [[ 8.36427419e-06 -1.83755327e-06  1.51132122e-05]
  [-3.06337056e-06 -3.26134177e-06  4.09906285e-05]
  [ 3.86068716e-06 -7.00179817e-06  5.21443657e-05]
  ...
  [-2.19437030e-06  7.47380865e-07  1.75031911e-05]
  [-1.59055812e-05  3.20741352e-06  3.09609106e-05]
  [ 1.76538104e-05 -4.19505717e-06  2.92372615e-05]]

 [[-4.23904982e-06 -9.20667367e-06 -3.07503636e-05]
  [-7.06335636e-06  6.81300554e-07 -8.50088383e-05]
  [ 5.12939148e-06  1.63066662e-06 -2.36310067e-05]
  ...
  [-3.04058204e-07 -1.06629700e-07 -3.37586912e-05]
  [ 2.15877053e-05 -1.49650134e-05 -2.20354654e-05]
  [-1.53868685e-05  1.33537729e-05 -2.23524113e-05]]]