6.903882878759800557e-01
-3.753667199765624990e-02
8.481913819958444289e-01
-6.063624553583696342e-03
7.243476820810419194e-03
4.929373963460838975e-02
3.443620257913567601e-02
-1.427268207195482759e-02
-1.506300828696747422e-03
8.262188602421581818e-01
-1.891808354530718009e-02
-6.348168139841262048e-02
3.198357344370333146e-05
9.201437562281983285e-02
7.875442356427239110e-01
-5.509212591303058694e-04
2.160375256827557454e-03
7.261536059341385831e-03
-1.587596253956855691e-02
-1.511997017067215517e-02
4.405722689123584002e-02
-1.969786650728915511e-01
-8.311533786446771710e-02
4.400213812284670990e-03
-1.604303439253565167e-01
4.919187420630402596e-02
2.337063065759808524e-03
1.027342088149028054e+00
-3.656257233822653163e-02
-2.408101691567017255e-01
2.886805778327611229e-03
1.524259971583852465e-02
-2.611222483580544207e-01
-9.729738362882903776e-04
-6.339706064138406205e-02
6.370181982189727643e-01
7.354291048075461794e-03
7.122172162644941316e-03
-4.837206300028189243e-02
5.216672179872042063e-03
-5.251043783167466152e-03
-5.357992437619970433e-02
-3.227559063474559620e-02
1.686596052891645332e-03
1.958444521736477928e-01
-2.051051503084360891e-02
-1.790609424669392657e-02
5.640081901104612933e-04
-3.356319165102089053e-01
1.075047427699093137e-02
-2.402895847406985672e-03
-1.050478041284224132e-02
6.843740439879161808e-02
-1.146145357335950216e-03
7.288492948957677742e-01
6.347289709126489182e-03
-1.131992500122111327e-03
7.499875062739792559e-04
4.643312815600528221e-02
-1.462275655490111181e-01
2.276929510977045417e-03
3.834701636152884618e-02
1.415940403736330798e-04
1.049018516659725939e-03
6.862168090623478600e-02
8.426734201835913707e-01
-1.029315325029001591e-03
-6.673662342714533312e-04
4.524945293370048575e-03
-7.441902664373538194e-03
3.970864467436175868e-03
-2.051679779776792792e-02
1.680195912069986589e-03
-5.379103117639389835e-05
-1.036968515440680680e-02
5.051008421119452738e-03
-8.821481732996542743e-03
1.002972161480639030e-01
-1.941419790675842638e-02
3.957485785505900772e-02
1.887555908084167340e-04
-4.295802490809706720e-02
-3.171926514299820699e-02
1.233735665853207550e-03
9.509306688754627255e-04
-6.486356796963746278e-03
1.950003373759363477e-04
-2.811182713534516320e-01
-1.814038257848334390e-01
-2.353560181747601870e-04
7.502104676778011960e-01
1.376121990594712970e-02
6.860855001683562916e-03
-2.873516212153613041e-04
-2.868415477772655320e-02
2.581791177970846687e-02
-4.128732206018964667e-04
-3.496292396445039793e-03
-2.537726919259401803e-02
4.345411676207385637e-04
-1.550265210737836463e-01
-3.255760000662306086e-01
3.016563411998708904e-03
1.108512305416196608e-01
6.818442693672024379e-01
8.827361970397424457e-04
1.647329611092195403e-03
1.771619799198357389e-04
3.016739123857156138e-04
-1.190285656874324159e-03
-1.237035031113852858e-03
-7.604148675772878438e-04
-5.013362064225571199e-04
6.866127899415937208e-03
-7.072837434975857204e-04
2.271577783389901878e-03
-2.884933026392973512e-02
5.089341530041076832e-03
6.302717150050228100e-04
1.064342672103931742e-01
1.497158940185148220e-03
-1.025392775454914878e-03
-8.527288451684428251e-05
2.462566266571476932e-03
-3.622798569750330022e-04
-7.920836210846035456e-05
-6.024651941888366138e-04
-5.224400639244265081e-04
5.887153925784558448e-05
-2.362840755012408228e-02
8.997829252499816785e-04
-1.613995714298900098e-04
-2.433796656122434732e-01
2.117240709153230677e-02
-2.532699601577371486e-03
5.231416887020272632e-01
3.647032024277891468e-03
-7.055731043707818596e-03
2.129115606988060780e-05
-5.925017172745606318e-03
-2.067941193656312564e-03
9.678003404128737220e-05
-9.618322867991183653e-05
-5.579933617842846791e-03
-2.066252818724084652e-04
-2.157644781881727300e-02
9.320593483911813679e-03
-1.843340476388097813e-04
2.461124307695407645e-02
-9.457699755612071491e-02
6.596121937790124889e-05
8.695550168902020649e-03
6.266973467140343201e-01
-1.028492978444822903e-04
7.780169972515972728e-05
2.676695306202083423e-03
6.442026364079705622e-05
1.282395370285234505e-05
1.068970948539699553e-02
-3.299024947011649340e-04
1.254888928824149114e-05
-4.989402885955913436e-04
4.701412149356532432e-04
-2.458504695267593634e-04
-5.845402799146854136e-03
-3.032744649032791465e-03
7.274827361777363641e-05
-5.938192513359572683e-02
-7.887650907826269410e-04
5.135131684824891917e-04
5.881045875678769796e-01
-2.132118033046685457e-01
6.286838932832017335e-02
-3.971818692837301643e-03
-2.346833367660807607e-02
2.858662079388625543e-02
-4.794056623835664757e-04
-3.005840444627335892e-02
-6.935109727146901437e-02
-6.995159422047712893e-04
4.212500821245739741e-02
-3.223239191042156365e-02
1.900236720474290496e-03
-1.297305688677398428e-01
5.844848413492351874e-02
-2.417258101622769481e-03
-1.129649305364670113e-02
3.239964536833613018e-02
1.054296499044567447e-04
6.449274055047889975e-01
3.601706840026975415e-02
-1.561643387452570919e-01
8.295837234132591486e-04
3.425474030340948384e-02
-1.961399529332572694e-02
-2.558942660656622864e-04
-1.663661272082697998e-02
5.432331744658688844e-02
-2.454355405116845096e-03
-4.020744931787252618e-02
-3.905991696348565939e-02
4.236819863505971438e-04
6.355695098543401311e-02
-2.039732913956274762e-01
-1.687855128886835490e-03
1.039962199056584415e-02
-1.792737283711937166e-03
3.550177903257802087e-05
1.585002135023440284e-01
8.800494394184328328e-01
-8.718855417566701016e-03
4.798196176802146831e-04
-3.265843400385767120e-02
-7.814012607390190615e-04
2.749285086682212603e-05
1.676497912856101627e-04
2.306591276756907952e-03
-8.497122395488159764e-04
-2.085021511896912108e-02
1.183550101579396814e-03
4.070960270039975827e-04
-7.819100660690614032e-03
-1.043555651163402542e-03
-2.174474423143094807e-03
-5.588445783887015933e-02
2.894410461919180570e-04
4.841564291569422601e-04
1.966012533823538054e-04
1.579098466812655852e-02
1.376635123480946486e-02
1.568127205164724092e-01
-7.757295055903201675e-02
-6.475975421212246119e-02
-2.294620468619648114e-03
9.403884757492313607e-04
-9.040318495363313181e-03
-3.761333529062607585e-04
2.854413962839122756e-03
2.191166604971230697e-02
-4.863096065416004827e-05
-4.452748257249324569e-03
5.528759920532798702e-03
-5.033311704870778881e-04
1.537240386521638962e-02
-1.011447102948181097e-02
4.131128238915017731e-04
-5.705687941379335030e-04
1.332120882503067807e-03
1.308040207223623195e-04
-2.757035862413385052e-01
-2.703947246180703479e-01
-1.073178408727509456e-02
3.346783451357460137e-01
-4.415020348039779691e-02
1.067782380328402732e-02
-1.752786465848102165e-03
-1.246749819249425018e-02
4.294306159498947374e-03
-2.712580689616186122e-04
3.327082459486150820e-03
-4.908689715373957922e-03
6.053268688501114297e-04
1.944450436531976537e-02
-4.309988058066270382e-03
-2.729678534802928861e-05
-3.191284829378615573e-02
-6.041525396639412654e-02
-1.864503834802805435e-03
-4.001333577054854568e-03
1.708129167487812319e-03
2.006338018812653292e-04
-2.552271872279895937e-01
-5.009983728080330545e-01
-1.320213188426881852e-02
3.323381889861868888e-01
5.536707788301965527e-01
-2.573785119227629814e-03
-2.244319115512500001e-03
1.409310371760709793e-02
4.099928007456558453e-04
-1.607943439574135416e-04
-1.165312721925764339e-03
-4.380567921685557227e-04
1.303761031755134399e-03
7.881467182317155803e-03
-4.678955665851080594e-04
-5.594343932025443470e-04
4.063947429876943983e-03
-3.931691467784232535e-04
-9.820682120653140973e-04
1.573648971477819430e-02
-2.133522950769424129e-04
1.143756487429237493e-04
-2.309605403393012301e-03
-9.420330205604532728e-03
-1.324845222206349517e-02
-6.112046998846293322e-02
1.302126348522612484e-02
1.626031150986332816e-02
2.940289933520768076e-02
-7.928762978329698119e-02
-2.283908537777137177e-02
4.016918497521634532e-03
-4.179602575271133130e-02
4.523761321249385875e-02
3.093606224623388079e-03
-6.671021520402096172e-01
9.386373597306085781e-02
2.472285545253838368e-02
9.584768505761265571e-04
3.813057182238491238e-04
-3.056553864694128955e-04
-2.441151863248438355e-03
5.475621225505630622e-03
5.987211607614455807e-04
-5.925064183801789802e-05
-6.891399003588503719e-04
6.195704652892631789e-05
1.635489031474370719e-02
-6.988039553144960100e-03
1.704047044192063458e-04
-6.812287862190426029e-03
-2.087258996239707738e-03
1.389156641488972354e-04
7.889803661102106069e-01
-5.315134583631817011e-02
1.858851015190130310e-02
1.308457301048723993e-03
7.402378564970804598e-02
-1.546352059638140229e-02
-2.487477383810865993e-03
9.287590720990794579e-02
-1.165795497419750831e-01
-4.211413035508066761e-03
-1.292280815950955231e-02
-5.040262511568391161e-03
-2.064084411817548317e-04
8.380921437313968185e-04
5.070064658549778072e-03
-8.256828876215035334e-05
3.557268891397823650e-04
1.582629436037243098e-03
6.446795056489665712e-05
1.392630843465895649e-02
-1.180735053022349823e-02
1.073385220916400892e-03
-5.509489497674331659e-03
1.131191315587936784e-03
-5.373254077745500843e-04
-1.157370952409022408e-01
1.141428733693581332e-01
4.430267337429597170e-03
1.203896607301382747e-04
1.810205294285608529e-02
3.285462669748693849e-03
-2.002712529908753838e-03
1.763375519763972499e-02
2.357290042571452693e-02
-3.380061018885023062e-03
-7.804440976812779263e-02
3.799160424379515897e-04
-3.536277021669476540e-04
6.072768712515085217e-03
-1.265332379454726409e-04
-4.835548099739740940e-04
-2.221948493491730185e-03
-1.846273974542938549e-05
6.466043894002613895e-05
-3.663321590390260642e-04
-1.235946150541525020e-04
1.413447787942783687e-03
8.161838487748179771e-03
-1.534467802529062652e-04
-4.035441144529949712e-04
-1.133170333805986292e-03
-3.167755272410859024e-02
5.219179349219637588e-03
3.964879955015578744e-02
1.392104655411510565e-03
6.259387007240211622e-04
-1.847767367461694370e-04
-1.223481420621830296e-02
3.916318836966244110e-02
-4.354416027963807436e-04
-4.429898646955545381e-03
-5.719526888223020258e-03
-5.528477700861795857e-04
-7.860026305485361131e-02
6.781741452336248477e-02
-6.767685958354624672e-04
1.056830581855646919e-02
-2.071858671159823931e-02
5.315231205274014272e-05
2.096315211355682159e-03
-1.480244715828762068e-03
3.586953427145961164e-05
-5.446617888282316577e-03
-1.007390124388005907e-03
2.160269829936434282e-04
1.059920538848896495e-03
-2.018259586829015614e-03
-1.082293855748821590e-04
-1.696105634504622289e-03
2.440896132625160111e-03
2.547057424572143425e-04
8.650921665891772583e-02
-1.051760436983968433e-03
3.546513764666585095e-04
-3.654854243277835780e-05
-4.883117492005019378e-04
-1.055205117537116790e-03
4.015624576411298378e-06
-2.613895612124400935e-05
2.891635096935861286e-03
1.908915107251695658e-04
7.552685567718601944e-02
-3.442932127600600856e-01
3.678073741963492401e-03
8.631526660137783455e-03
-1.641153767968666841e-02
5.074537427691594871e-04
1.380486933708555347e-03
9.453316463610228568e-04
-1.148726845872191144e-04
-3.279408277402176899e-03
-9.765837976768807632e-04
1.920445831895800084e-04
4.581681523554646785e-04
-8.793613309013047826e-04
-5.475954252894655412e-05
-1.897127468643224784e-04
-4.492751396555321581e-04
-1.757953812157882388e-05
-8.030589184953734749e-02
3.585728246000480790e-01
1.408219532225170995e-04
-1.419727289160490496e-04
-2.364495516819931347e-03
3.754513762477520371e-04
6.502320674664621497e-04
-1.274582776747457168e-03
-3.747313243671129769e-04
-4.561891220656741027e-04
4.802380252409964648e-03
-1.329878558652182940e-03
4.634288377024033817e-03
-3.349183642663303845e-02
-3.650953879857253754e-04
-3.878692582136315705e-04
4.485685175518890760e-03
4.997092371337274991e-05
-1.026667168664068891e-04
-5.881362100030563048e-03
1.220696952213218766e-04
2.137573355407637870e-04
1.241202946530079246e-02
7.645885307053590179e-06
1.856448268011070821e-06
-1.740593319344182523e-03
3.814669846643716422e-04
-8.164643565639648042e-05
4.431051884192978036e-04
1.227542650652170900e-03
-4.279906296452558670e-03
2.391444524139608313e-02
-1.205739604572550749e-01
1.319141793688220765e-01
4.413694273032819568e-03
-3.305139389205138077e-03
-5.567200597479862040e-03
4.517897187923882070e-04
1.920417316216799578e-02
-2.580491447357589549e-02
-1.540811169051607352e-03
-2.371893029602552966e-03
-6.229435626776819428e-04
2.653256528880585698e-04
-6.923245906609563211e-03
-6.266679405826809917e-04
-5.103015264375821173e-04
1.278007808162568012e-04
1.834352249781749785e-03
-6.226071314426642350e-06
-4.547594344525165630e-03
3.956278990755123653e-02
1.820754338611859421e-03
5.102356759874814712e-03
-5.168398620118519297e-03
-1.459264456681497082e-04
-2.222682825118470640e-03
4.169800027079391229e-03
1.217417069520085966e-04
1.328173369350809361e-04
1.468476951921548720e-04
-5.401472003935831875e-05
1.150498522735139972e-01
1.280848464438198719e-01
-4.097205233649552358e-01
-1.068772655724130154e-02
-5.118117250772986730e-03
-1.546760365206950290e-03
2.432174907539271327e-04
1.382753111016923886e-02
-2.049580333197426746e-02
-1.217313078801802572e-03
-2.870986071980699355e-04
6.691022045581593433e-04
-1.426175359526442104e-04
-1.395527278977490553e-04
1.239002655601003939e-03
-5.152841139282564044e-05
-2.388177669193140796e-04
1.827215805834067912e-04
5.400223030035128792e-05
7.519045739057442874e-04
1.892150683133185431e-03
-2.413510113940854911e-04
-1.331664003480913889e-03
-1.066587852795725880e-03
6.416616147953577924e-05
2.127463713027693323e-03
3.821482490269841829e-03
-9.830769338237192430e-06
-6.476612528343786283e-05
1.018572236866167663e-04
5.594832500660542316e-05
-1.384674361667387055e-01
4.253145159028146605e-01
6.173789163830291186e-03
-1.566251400468235758e-02
-1.639188789358852344e-02
4.244195905622604880e-04
6.516138352212404736e-05
4.572143298546723668e-03
-1.112390327336307440e-04
2.166336687758832133e-03
-1.991589985621091893e-03
-2.347393528745062369e-05
-1.815760994749394594e-04
-6.887089924793814546e-04
-3.792550544296091489e-04
-2.253413847192513051e-05
4.532275230579563795e-03
6.911853899892625771e-06
5.311670275075073042e-05
6.771494293052024080e-05
-1.043631383403094155e-03
1.315051879154181336e-03
3.098673868459534027e-04
3.194675564195503911e-04
3.173708278704735417e-04
-4.341693456055155213e-03
-6.024375839771677760e-04
-7.047062788939475531e-05
-4.132153975153317858e-03
5.692034688724980425e-05
-2.311668749723943923e-05
-5.318722683842175931e-04
-4.778230102055841706e-03
1.199842794528260120e-02
1.738131215388149034e-02
-1.020101558539784556e-03
4.367971866355215872e-03
3.162180648953037579e-04
-2.394321729531619647e-01
-1.994757415510811094e-01
1.306627951496033488e-02
1.856912722263372173e-02
1.140298982304980072e-02
-9.337240580970102011e-04
-1.535123635911905642e-02
-2.814488317477138735e-02
1.311681580227625800e-03
-4.190272837167698973e-03
5.434654683682801912e-03
1.126363587753715235e-04
2.095009855187210976e-04
-1.328125305632212776e-03
-4.075103801155518341e-05
-8.188780761305220141e-04
2.328084943858308554e-05
-1.707017637602813826e-04
4.963619493894138321e-04
4.444606423373505017e-04
5.653315997417897310e-05
-3.599562378198944545e-03
-2.078613360027091028e-03
-9.182548740584105230e-05
1.084162008258011522e-03
1.377988068618160328e-04
-6.907125177280102940e-05
9.249589950787935914e-04
8.084219212637846911e-04
2.585812246048827253e-06
2.435934235845618190e-01
4.332106247015124131e-03
-6.155777709075050709e-03
-2.999066895408037531e-04
-1.968869477784064570e-01
-3.063231554951961200e-01
1.469809857399096212e-02
-3.006707649232636531e-02
-2.098983889568549130e-02
2.209419353539763230e-03
8.511663090032827589e-03
1.284325033294682165e-02
-8.726435065067978617e-04
3.255391975955022801e-03
1.661481087443975914e-03
2.747368598744537381e-04
2.574187819818749587e-04
6.030715062360537818e-04
8.389373069269142984e-05
2.232386559978284061e-03
-1.912422821989729314e-03
3.862489516290920616e-05
-1.640011817150968177e-04
8.746841976146355144e-04
-3.235005307450524700e-05
7.549606425266378474e-04
5.350269428391152791e-03
-1.401879704870740361e-04
3.888321293122111466e-04
4.510220683443516955e-04
-1.224518377070524179e-04
-1.398202584119288177e-03
-4.703349542809806658e-04
6.904203361155472260e-05
2.082914033830934042e-01
3.141554737833169297e-01
5.903482981274850130e-05
-5.960356062918452689e-05
3.610378592041940671e-03
1.574782053196924214e-02
1.890414046535120532e-02
-5.205230076801306560e-03
-1.656400259186851327e-04
-1.836199021483693678e-03
-1.743193895657158118e-03
-1.732076643483723699e-03
-1.378495123056027805e-03
-8.387703468319254729e-03
-2.361239431629235503e-04
4.293823414127094810e-04
2.279816174132875701e-03
-8.043508244304086341e-05
-9.382918711062319803e-06
2.381920023705712351e-03
2.752057918079415253e-04
-1.621639235552344309e-04
-5.581077550257069553e-04
1.418057319824292883e-04
8.098150303636446475e-05
-4.013803136921160206e-04
-5.486827222772510185e-04
3.543003063566201456e-05
-4.211649029707653473e-03
9.637440318364927730e-05
-4.829236011788066307e-05
-1.308015937771988798e-03
-1.116039412537935269e-05
-5.616903179300153061e-05
1.307045094798534859e-03
-1.356532656612848171e-02
-1.591780377579472827e-02
1.224501953363389163e-02
-5.466746978901965105e-04
2.324646594156125432e-03
3.013407252101411304e-05
1.982635931347307185e-05
-2.547117334489174532e-04
-7.074031463792654286e-05
4.961144620847636553e-04
7.232281351968972106e-04
-6.767472777396435978e-05
2.369318478431027032e-03
1.807212535338125490e-03
9.862074628656142576e-05
-8.426846943593765613e-03
3.500580308495875037e-02
1.222526461506175436e-04
-6.297229476518782787e-02
5.630170293460419473e-02
4.473820956283248323e-04
-6.832423824001069429e-03
-1.893444277304164860e-03
-5.574980177046937030e-05
1.113627394052559959e-03
-5.641373555994367607e-04
-5.454095970402510481e-06
-1.925073358784012826e-04
-2.711642388000858332e-04
3.531729948965851048e-05
-2.422190519739040552e-04
-1.031507954366266870e-03
4.104282284030274835e-05
-6.490386512871270958e-04
-7.774241611445024481e-05
-1.151275009366646610e-05
5.073984922315814730e-05
2.598898834586557712e-05
3.719405953973455552e-05
7.019437194653223300e-02
2.652836577367089573e-04
-1.371295438932871192e-04
-3.236980005363152040e-05
7.539033163339498066e-04
1.634363306003357478e-04
-3.905117251848654272e-06
-6.916839791782089042e-04
6.307693897601266981e-05
6.100907484532940196e-05
-2.418058131702620437e-03
4.554176223882227810e-04
-5.658248073693462160e-06
-9.930645557935293549e-04
-2.407980391953628944e-03
-1.039244733936739142e-04
5.851302828042801579e-02
-3.241571753849202264e-01
-1.987395759298139861e-03
-5.115934441562145938e-04
-4.527267461899841259e-04
2.490107221494792359e-05
1.085135362136534828e-03
5.516104469262368085e-04
2.964255484403603008e-05
4.595757813578184433e-04
-2.197034337279801742e-05
-2.636821214985215510e-05
6.206315890961276336e-04
3.549173224672683320e-04
2.204868515665488464e-06
5.916023148746372875e-05
1.540419685339064482e-04
7.198741056036789246e-06
1.105619446837543122e-05
-7.636439402520740283e-05
4.904103123359267946e-06
-6.401449757622149073e-02
3.488135529983319438e-01
-6.363154471219554359e-05
-8.745056625869920310e-05
2.904032400787181405e-04
-7.311348291483202712e-05
-3.417587381570302593e-06
-3.822433638764750593e-04
2.486150137354038638e-05
9.357276154483564704e-05
4.580239521652884843e-05
1.017753700015709337e-04
5.520102861013239287e-05
5.096192363054464569e-04
-2.239054136003919911e-04
6.270055523940094725e-04
-1.847716516655091004e-03
4.294954912126570912e-04
-2.107393095486084257e-03
-5.182906814864389478e-02
-3.732606688012747516e-05
-1.096505767839538729e-04
4.266895607906717736e-04
1.801847137636769348e-05
4.857109443884957597e-05
5.888153543409552519e-04
9.877994771078189168e-05
-3.010993132889657384e-05
-2.425211764824050900e-05
2.312464230254703673e-05
-1.301827792795488948e-05
2.466000463677203497e-04
-7.789420909744508768e-06
-7.839459129831598676e-06
-1.001871566621594225e-04
8.181769116440128640e-07
-7.223314914215095803e-07
3.936271675703935461e-05
-3.586010502005812723e-04
2.207903368094104018e-03
4.808229153398008854e-02
6.409799438885569042e-04
-1.259065760949197718e-04
4.936586243453478916e-04
-2.474744884439404602e-03
1.760253596966487237e-04
1.944964191687936772e-03
3.447104249576760072e-04
-1.824780496361017414e-03
-4.514184709560820010e-04
-8.381273488755622628e-04
3.104941596345459943e-03
-1.994425435838556842e-03
-1.896308821916872778e-02
-1.550497096716037075e-02
-2.580394162433534769e-02
-9.088168342703399627e-02
-4.660678910084758292e-02
-9.385816471584919329e-02
-1.107039546493929737e-03
-2.589431463881917798e-03
-3.278989462413200236e-04
1.763000819523328783e-03
1.074444981226334479e-03
5.201753634559512073e-04
-5.353656425549652847e-04
4.871862189171174192e-04
6.958725179039618712e-05
-1.076797706718437620e-04
4.978872236536442279e-05
-1.044882979319724722e-03
9.143422118283842825e-06
9.516185905321654804e-05
-2.452448628114923968e-05
-2.510621296906598797e-04
2.377702366986833809e-04
5.631437810635134527e-04
2.653276544926030933e-03
3.303943607011317236e-03
7.581681270900021870e-03
1.035045060190137589e-01
-4.571604981511540825e-04
6.487249550863862175e-05
-4.333579578964709563e-04
5.911425242331461638e-04
-3.975340217294667019e-04
5.814828147176343298e-06
-2.447380281167835938e-05
5.947430236690836279e-04
2.690961572214472597e-04
-5.380299249030373859e-04
-2.539391882513274048e-04
1.778076239333114433e-04
6.532698718467981483e-04
3.050250451139707199e-03
4.712813373758758910e-03
-4.542099045345078523e-02
-1.009824386568843185e-01
-9.863955631804532942e-02
1.332292572573478542e-03
1.977278943920672159e-04
5.726787094818449860e-04
-6.296551296589866873e-04
-1.997741398454134631e-04
-2.457651884448692494e-04
3.526845541741200181e-05
-1.291221860477249298e-04
1.093310072852983147e-05
1.114345831587149928e-04
1.951765588986316966e-04
-2.495715191376839852e-04
-2.325288862941819531e-05
-3.794642908637086451e-05
-1.162810857307232748e-05
4.508401349836430917e-05
-7.579825596308955835e-07
-1.508973884621039982e-04
-1.366012101738395441e-02
-1.138009210520041399e-02
-2.765181816940436021e-02
5.166353020643798394e-02
1.030420519851095867e-01
4.176000694216723086e-04
3.823634091713482095e-04
-4.796547629493449490e-05
-7.993665757381826097e-05
2.935739872214666738e-04
-4.205514690493217548e-04
1.300484940542569363e-04
-5.722309164597658929e-04
-8.855636325540267007e-05
8.920098105751635533e-04
5.190533111312590001e-04
2.442908083486429395e-04
7.323283048107034508e-04
1.801369574425995415e-03
4.238400158335959601e-03
-9.222371369320461754e-02
-9.880847397963644918e-02
-2.436876767862717341e-01
-1.302237342079110190e-03
-1.674367943765316070e-03
1.636222636839023900e-04
1.508199167904134387e-03
3.417622786782487294e-04
2.208983006087821140e-04
-1.928959991455417224e-04
1.428997319143994645e-04
5.959444850539955300e-05
3.148451385907579276e-05
9.835429178178582644e-05
9.076835690160085226e-05
-4.792948054655777490e-05
1.143882797280965836e-06
-9.104859110657122196e-06
4.760786162721240215e-05
2.536806058862435648e-05
-2.497531505794222957e-05
1.648824391855029450e-03
2.595065060124492756e-03
1.864955377228574287e-03
9.989235949516253599e-02
1.078584391026529976e-01
2.594813350775568295e-01
7.617643765752223463e-04
-9.505859122008464550e-05
-3.171869605192401088e-04
-2.346327716921292779e-03
2.174290807999403822e-04
-1.856729440738705836e-03
3.451516861309286872e-04
-1.912875125522468149e-03
1.686685337856426588e-04
-1.293939530061091183e-03
3.115512080756084514e-03
2.041085134571784913e-03
-1.955677361237108391e-02
-1.597775577139158229e-02
2.515827252394975747e-02
-9.614420184807323522e-02
-5.111969946244893787e-02
9.684339953190422567e-02
-1.185560762282355943e-03
-2.597573863524066645e-03
5.219380983672506404e-05
1.731322812708392537e-03
9.684438959529642014e-04
-3.806814208961592440e-04
-5.490115157802743584e-04
5.528136274636970835e-04
4.151710849235309080e-05
-8.524397482316969259e-05
4.125932266858108272e-05
8.916619302680319588e-04
4.245187309792373623e-05
2.986544316591151942e-05
-9.789995583697209800e-06
-2.649883026550723547e-04
2.283060016271971622e-04
-5.811337518197650341e-04
2.964730235248968799e-03
3.557179666995823313e-03
-7.514187892571252449e-03
6.243173794501319200e-03
6.321661487823122295e-03
-1.145374893672020285e-02
1.093374524847047502e-01
-6.270482551517894037e-04
-8.075136256386864387e-05
4.584617748408727927e-04
5.290537049527202539e-04
-5.202825240202718941e-04
3.912074433794367591e-05
-1.855126515484604294e-05
8.309372446874960846e-04
-2.873202805322916040e-04
-4.100754340749998821e-04
-2.105002709743946634e-04
-2.853936685361516189e-04
6.823501915347252251e-04
3.194495247277891626e-03
-4.628142304732222982e-03
-5.010276856772883508e-02
-1.048268687978074210e-01
9.985973975416914672e-02
1.555432862512121442e-03
2.891009429758245749e-04
-5.988810821283303961e-04
-7.099611858600592780e-04
-1.304960491865566751e-04
2.930115719391883692e-04
1.947870936675028485e-04
-1.959698008710983547e-04
-1.114367207667986301e-05
1.463299737466622428e-04
1.977599323090621067e-04
2.639864931939103700e-04
-8.112645991985943509e-06
-3.691841088122955398e-05
-1.986653441763420246e-05
6.024120746252001080e-05
-1.060015148172485208e-05
1.641686600436151051e-04
-1.442125570336113584e-02
-1.192261471866860011e-02
2.697916619011084954e-02
6.459085816593612868e-03
6.236782300886902809e-03
-1.300431985062650529e-02
5.667049220685375227e-02
1.071859264183179367e-01
-3.555580817380492309e-04
-3.705020284117677143e-04
-1.951708751826175287e-04
-6.729589130573948585e-05
-2.280486770491196857e-04
-6.003431099645072620e-04
3.700684198302325173e-06
4.728721907639142630e-04
9.834804810722154933e-05
-8.327594985106101522e-04
-4.226865406463074792e-04
2.557779348935822553e-04
-1.403422926615834065e-03
-2.261156352789745611e-03
4.672189734581797503e-03
9.534861846660952489e-02
1.000050212426489976e-01
-2.343169157607779829e-01
1.301191486534873307e-03
1.595363739993711089e-03
2.397666403663125832e-04
-1.452370322634370312e-03
-3.352931792043045700e-04
2.246045019423304390e-04
4.359873306094934342e-05
-1.364000323876360388e-04
1.200134913418893527e-05
-3.713703762062842140e-05
-8.273956533944720748e-05
1.977446194170205196e-04
2.908363987150306557e-05
-2.530180576566006673e-06
1.684047947173055631e-05
-4.296036444177697700e-05
-1.311734285856444582e-05
-2.328634303685908451e-05
-1.891035393864226935e-03
-2.773207232597107996e-03
2.088927842420158342e-03
1.243968668041570830e-02
1.377501175403979261e-02
-2.208503452212952356e-02
-1.030833401739594951e-01
-1.092225877955857183e-01
2.494145494607572233e-01
