 -1.538922543531033E-002
  -16.0115345366326     
   1.48956496640139     
   12.6655588599906     
   3.18746236556773     
  -7.45181259348472     
  -1.07069609957700     
  -17.8549717147758     
  -1.14680442145163     
   1.06009496063001     
  0.459511281685301     
  0.850495282459593     
   17.2338699908005     
  0.806267058099431     
   5.33578530088462     
  0.968903007405445     
   5.42576392886247     
  -7.83757318266321     
  -12.3291111051881     
   7.90827446486667     
  -2.67453103169935     
   7.21298264047668     
   3.83740018339241     
   8.30630307279615     
   8.92257000644615     
   3.45953230828313     
  0.716372135427145     
  0.178616603794353     
  0.138797086104842     
  0.469507105243827     
