6.935959001897559206e-01
-4.203292138839802988e-02
8.460036121648683016e-01
1.133299615999091951e-03
-4.044698549734051900e-03
4.962162458442086893e-02
3.456026346188396936e-02
-1.742368714718698849e-02
8.390265866155179747e-04
8.336670034751357816e-01
-1.500472620025597274e-02
-6.143928559588868882e-02
-5.033574023708980603e-04
9.595492742202578473e-02
7.827023838472294548e-01
1.594997407316700458e-03
-1.353624751143272685e-03
5.008814900915716482e-03
1.448985146516073783e-02
1.472985442101248238e-02
3.734087689231804091e-02
-1.978765461128906278e-01
-8.600044710325029096e-02
-4.365072275351015649e-03
-1.611078403752451427e-01
4.839521213597145627e-02
-3.738749003809511712e-03
1.033621009101226784e+00
-3.478774077481664589e-02
-2.386313209598261986e-01
-2.478028554601611772e-03
1.603794845242744946e-02
-2.574110483032199248e-01
-1.767608499836366030e-03
-5.847498095069820351e-02
6.252251274273632475e-01
-6.320367426125439968e-03
-6.831742225337056329e-03
-4.375197199869405168e-02
-3.526214615868157425e-03
6.534009704629170027e-04
-4.729716371863910279e-02
2.048121841444138641e-02
3.312375371910012550e-03
1.810130832922617894e-01
-2.464673211666752045e-02
-1.620878700912296855e-02
3.560581521216432969e-05
-3.419488586713177458e-01
1.026920814594828486e-02
-2.677761236725350116e-03
-7.393835949087190426e-03
6.895646993258923441e-02
1.453818096537157559e-03
7.277922518646060546e-01
-1.014390856455355417e-03
-3.824994772744160290e-03
-2.585671863421610140e-04
4.643428287292420548e-02
-1.479620489495510061e-01
-2.742400818819702019e-03
3.784238023885172497e-02
6.419904136886032606e-03
-4.833003346137489651e-04
6.998715238170606645e-02
8.570751764027979558e-01
5.550078632024872931e-04
-2.013391070251456137e-04
3.310925249792007544e-03
1.730765329294333982e-03
-3.317090594263369385e-03
-2.087275809697181767e-02
6.317045648623450171e-04
1.299553424776710934e-03
-1.021783462652218859e-02
2.822501021533358259e-03
8.703902743952714877e-03
1.005552495828214293e-01
-1.844444650478928999e-02
4.183623417763315810e-02
-2.155789092717869823e-05
-4.992153283438582889e-02
-2.870414420102876396e-02
6.097935165015217493e-04
-5.992713677996205825e-04
-1.292456489328108055e-02
-5.683088251581488483e-04
-2.807181411064463838e-01
-1.843125420299767669e-01
-3.491556006572837153e-03
8.359409092054572721e-01
2.470546547946593161e-02
7.208017589851429575e-03
-5.981906469184740480e-04
-3.171649296289771880e-02
2.658763613096802939e-02
1.653717919445119294e-03
-4.243813864378494054e-03
-3.051497533922283012e-02
3.753749420691347661e-04
-1.600023933693965617e-01
-3.393551501579725183e-01
-6.215329907491370584e-03
7.892928489446718321e-02
6.926304313330865492e-01
-2.998022793466901485e-04
-8.110751877309810114e-04
2.994506711138076888e-03
-2.949002806044583556e-04
9.905284867255061045e-04
4.561479959214317578e-04
-1.621246916969051107e-04
-6.208886653642687768e-04
6.151884506883960844e-03
-2.088953197973086873e-03
-3.422942799765008558e-03
-2.928684688312400627e-02
-1.994195245210465470e-03
3.725076138346946654e-04
7.276064279957164538e-02
-2.119526610643317766e-01
6.371394733762364426e-02
3.177709153605330628e-03
-2.554917761577134988e-02
2.404132788258701164e-02
-2.447675368600927409e-04
-2.845917263020551757e-02
-6.682400679017741485e-02
1.752726396267697065e-04
4.626494795244454061e-02
-2.770111462310744996e-02
-1.110278770704272886e-03
-1.371125958945731416e-01
5.986117800483271856e-02
4.309844635381326612e-04
6.268721924417537394e-01
2.936110604057225529e-02
-1.575139082373421817e-01
-4.389636138054350324e-04
3.640703797509696471e-02
-2.031056006679579293e-02
-8.510921452710586534e-04
-1.551086988327474853e-02
5.936843806466879370e-02
1.536867266849484487e-03
-4.030875395828623781e-02
-3.745355969183271350e-02
1.700031894604964178e-03
6.789920405249409707e-02
-2.236007541781110941e-01
1.526336430464288012e-03
1.617517576842279481e-01
9.041776425242307180e-01
7.178003104948219894e-03
-1.233533932721071367e-03
-3.884346100515749522e-02
1.747486189988391799e-04
1.233689368627786823e-04
-1.469476754683543898e-03
-8.809463862970589752e-04
6.925073688158326669e-04
-2.025020803707982750e-02
-8.422805976551658554e-04
-1.349430677304199258e-03
-2.529144036996540043e-03
-2.860712598649177711e-04
3.732893692763424465e-03
-5.924957861653151053e-02
-1.459293980031717980e-02
-1.863956760147035194e-02
1.692387126929859598e-01
-7.778514417899998201e-02
-6.623878463333204847e-02
3.607246648376730494e-03
3.252837174945139281e-03
-7.799617770105883585e-03
5.492936374971295625e-05
2.060382790767481802e-03
1.977781351436710619e-02
1.297551560631551686e-03
-4.917352344649396530e-03
5.949749468535811547e-03
2.835973848606866839e-04
1.937935919154688130e-02
-1.000612810299718845e-02
8.258431468594571183e-05
-2.712178909947957628e-01
-2.693986711882271345e-01
1.149934881992893329e-02
3.303666519253903311e-01
-4.327178238282721606e-02
1.148017427925378774e-02
1.520376463914308810e-03
-1.166439742021824905e-02
5.494597476179564031e-03
5.429874608570868511e-04
3.162306649631125080e-03
-9.947529250414676935e-03
1.226788314240430909e-04
1.948283528509023657e-02
-2.568387139551912661e-03
-3.011218326849027520e-04
-3.346605765417671324e-02
-6.189875315350467505e-02
2.045147901404802994e-03
-2.579138807188492977e-01
-5.119025594751120956e-01
1.775608320801610671e-02
3.359998578565979721e-01
5.653406730524692669e-01
4.037612867244199516e-03
2.622617794411971799e-03
1.634546925288019384e-02
1.593598596982483031e-04
1.907256811668627840e-04
-1.128342680977056922e-03
2.031004080359442290e-04
-1.070630448548594684e-03
7.587208150693774966e-03
8.292747037085018052e-05
7.040884440326455711e-04
2.425245472906722381e-03
7.845687781582959654e-04
1.510124309564516007e-03
1.761366492708517362e-02
1.055361298344198798e-02
1.723334983807397330e-02
-6.487958051453071584e-02
-1.567103590158847384e-02
-2.147058284777218426e-02
3.068436391301997482e-02
-7.441055434321795781e-02
-1.867281206139510125e-02
-1.690780292156321071e-03
-3.855485513267402353e-02
4.288969308012748061e-02
-5.278217472692142134e-04
-6.751920706789735771e-01
8.798820705133363063e-02
-1.464293246555245856e-02
-3.061378674680758760e-03
2.576975333655731962e-03
-9.389903929873486162e-04
-1.596842981804474102e-03
4.968876914344819151e-03
5.879182379032388750e-04
1.573045553325267201e-02
-5.432230805257417736e-03
-7.449360065445685686e-04
-8.634157217483293470e-03
-4.933681709954244356e-03
-1.480708920459778669e-04
7.936975120768753333e-01
-5.416188726988104690e-02
1.752504782660872437e-02
-1.060751545717929364e-03
7.237510794054215213e-02
-1.446836159643963282e-02
1.238112851314510619e-03
9.211753789507952372e-02
-1.133691726194470534e-01
2.037684004730436638e-03
-1.241266384929575091e-02
-6.951227611904761162e-03
-1.701622579030360666e-05
2.398605205976374246e-03
6.270908606666391986e-03
1.183804596928276148e-04
1.360946924249178090e-02
-1.306069474801555864e-02
-4.908550388011147757e-04
-5.034821954305276383e-03
2.206392804223149175e-03
3.477415003378083922e-04
-1.133858111150078951e-01
1.124499495845049796e-01
-3.511980956681971973e-03
-9.543701426726854727e-05
1.735035431821927571e-02
-1.779454264016691080e-03
1.203301049919398196e-03
1.855583948355880863e-02
-1.308021158019872371e-02
1.368495617101114521e-03
-7.318811410143079288e-02
4.298700003919220659e-04
5.962328315288525351e-04
5.366430686801751046e-03
-3.953449847985264195e-04
-4.607060202963780392e-04
-1.815384170554820232e-03
1.379297694743371371e-03
-2.719041467948901040e-04
7.957089508590016111e-03
-8.240558785651970171e-04
-2.952403633898080981e-04
-1.205528890413786304e-03
1.791119856816436595e-02
-2.220988031080878451e-03
3.557157365004669919e-02
1.436224042278983317e-03
3.311291292824120806e-04
1.630121131806816208e-05
-1.214460375030227898e-02
3.915574004075943887e-02
2.721562593199194479e-04
-4.612119888825152829e-03
-5.592180171180782637e-03
1.976936510169633257e-04
-8.116267110140873431e-02
7.097893058142042133e-02
4.437392778198517742e-04
1.254384895764922361e-02
-2.156044443058857327e-02
8.125922685180100478e-05
-5.178997346841304229e-03
-1.067635572673144954e-03
-2.016994523906925419e-04
9.412082665247494461e-04
-1.918224165009878215e-03
6.705762293974340028e-05
-1.635375095190138650e-03
2.372233214780600924e-03
-1.226038926090612278e-04
8.797019460582107542e-02
-3.719421030976473872e-04
6.211120297616771167e-04
6.294055872111955845e-05
-7.270350019697137877e-04
-7.221390011977924135e-04
1.350283464040892328e-04
-1.880440944529023991e-04
2.709798667855586613e-03
-9.391638505095429679e-05
7.889738710043954495e-02
-3.477977117005584540e-01
-2.726052086811265717e-03
9.148258394454072961e-03
-1.467987515420689400e-02
2.895198711466757081e-05
-4.032304879540746234e-03
-5.340206739341731837e-04
-3.391740726993607751e-04
5.812790489978891632e-04
-1.109697658384191550e-03
4.924346233053535608e-05
5.827105587711088602e-05
-2.763540747614830597e-04
8.829683458765339433e-06
-8.347555896554477439e-02
3.603346412991301206e-01
-1.375102774075492461e-04
-3.774859285797995144e-05
-1.931132781016929416e-03
-2.452110990736940804e-04
-1.389007369246242568e-04
1.424434474630036258e-03
4.847290146595341527e-04
5.006289906898498087e-05
4.225362043111594891e-03
5.869367321156337752e-04
-2.726953011330308929e-03
-3.355195627397167257e-02
5.563363223592737630e-04
-7.989146581398568912e-05
2.780505000805233006e-03
-4.202212327476868061e-05
5.489910082826532728e-06
1.216221344926034058e-02
-9.033318371023692759e-05
-3.868393509062301976e-06
-9.680356225263082913e-04
-3.115025916714002558e-04
2.810310715844145096e-05
-5.919334114320430563e-04
-7.597335088055823683e-04
2.817445590879145978e-03
2.327811909256216616e-02
-1.231167082086177950e-01
1.348039948220136064e-01
-2.727455007813468345e-03
-3.767045211522389563e-03
-5.928457339424060731e-03
-2.282305386463915437e-04
1.947397848412068047e-02
-2.583088831704582339e-02
7.518778756779567665e-04
-1.769803125293508556e-03
-4.160085307468113468e-04
-2.988274629756797023e-05
-7.480452557249558411e-03
-9.028196659235800765e-04
2.773617874748429322e-04
-3.960465900963093880e-03
3.988091697300306243e-02
-1.245131863990253272e-03
4.760010228525154811e-03
-5.236096369472771801e-03
-1.060487502095019139e-04
-2.235557176569812586e-03
4.106395928606175125e-03
1.028451270403577516e-05
1.030136650316005871e-04
-5.707361968624430191e-05
-4.764391559329907527e-06
1.172128167366104784e-01
1.300628007633075067e-01
-4.089573103912601537e-01
7.165915527187478699e-03
-4.489028197853811401e-03
-1.741846970938033768e-03
-2.415390661017415182e-04
1.371698056228732275e-02
-1.987102597645581600e-02
1.106346764849556758e-03
-1.154958894737195124e-03
3.588132208941362429e-04
1.169194375177051807e-04
3.168673665011463537e-04
1.959198138277181908e-03
-4.072774965037252428e-05
-1.502947989135452176e-04
1.241124954224991040e-03
4.239520145677192734e-04
-4.131416965869649837e-04
-5.052326080411274206e-04
-6.418876772946238978e-05
2.476870392672722403e-03
3.471957413571060986e-03
-1.886674217788322934e-05
1.134638707352690515e-04
2.184343143808605670e-05
6.784823047173098056e-06
-1.408806638164148417e-01
4.246065751137557687e-01
-4.129268971249039702e-03
1.207615013373039385e-02
-1.671824174605566343e-02
-3.987792331768279285e-04
-2.809040409422763223e-04
4.647052965254088938e-03
1.100051131952920895e-04
-1.950956982421926580e-03
-2.065787599824839022e-03
-1.322525840739197025e-04
2.459589171491477033e-04
-1.171004287101512715e-03
4.747683091593828597e-04
1.496677467761286758e-04
4.415456209489366721e-03
6.838598101885104506e-04
-1.846493655803428972e-03
1.023363924354433064e-03
-2.367377287558473551e-04
1.869116113927389805e-04
-4.578420766055838267e-03
3.127914560240468468e-04
7.148914523918299126e-05
-3.888446481278392836e-03
2.644365078911607895e-05
1.205581673833140947e-05
-4.692546122326230005e-04
3.317306304132090940e-03
-8.439115359674813008e-03
1.724100538911368941e-02
-1.354725459598021082e-03
4.542894695412029622e-03
-4.991510029582248842e-05
-2.399088118509702661e-01
-1.996891260087146069e-01
-9.577836996679958345e-03
1.914839421506065592e-02
1.137902667630948800e-02
7.323855137771117857e-04
-1.529248734487750720e-02
-2.775723111556453043e-02
-1.098567082501560651e-03
-4.518720076354539386e-03
5.141933754593174845e-03
1.203881312524354745e-04
-6.388737427470413685e-04
-7.482252212547539248e-05
-1.102818347413445787e-04
5.050731783066666125e-04
2.996609054188545157e-04
5.522940157375566754e-07
-3.799471888301437193e-03
-1.960143809337442679e-03
-3.599075739663022835e-05
1.040411213265247242e-03
5.451363741515254558e-05
1.252116986907501444e-05
9.308776322857288590e-04
4.450532544722274656e-04
-1.369264791142837996e-05
2.443949712277733444e-01
3.632025206104727566e-03
-5.841848134934317371e-03
3.113398161864927354e-04
-1.973157197875747282e-01
-3.068797114275548799e-01
-1.114365960964451736e-02
-2.998001939336671084e-02
-2.040819850887535397e-02
-1.578793425420869749e-03
8.136687187230408347e-03
1.289626378336601598e-02
4.800709033301642269e-04
3.478397614513794277e-03
2.034369670486808283e-03
1.302501905018311557e-04
3.408944348394520388e-03
-2.504370027017425310e-03
-1.778489247956926164e-04
-6.361545162773588578e-04
1.028568300570255854e-03
2.014216099911862666e-05
1.160896137705552710e-03
5.114331109892131591e-03
1.358830477357564554e-04
3.255946653275994512e-04
4.640680740064897819e-04
6.324169848844929007e-05
-1.202908119031150750e-03
-7.518569364447669646e-04
-9.805883319188766448e-05
2.087503033187725898e-01
3.142209788506035717e-01
9.555041309488554018e-06
7.653206729838968520e-05
3.540039864419544224e-03
-1.127676289102939357e-02
-1.335908101581990449e-02
-6.028775140795465670e-03
7.675401970711884833e-05
6.837944209991885739e-04
-1.808845326215903796e-03
1.065134089557135495e-03
6.187630355294094229e-04
-8.102908459078029743e-03
3.728363950888542270e-06
1.724390913850680108e-05
2.982665915584374172e-03
-3.239991967458848285e-04
-4.393164381847925885e-05
-8.806512033389117707e-04
1.537140470424222299e-04
-4.829915042855876915e-05
-3.505197766926997755e-04
2.969808278967895005e-04
5.688745845109715948e-05
-3.674393989798818184e-03
1.248301607676150129e-05
-2.741096690384111528e-05
-1.201354431649451606e-03
-6.806801962798548860e-05
1.397278599566283842e-05
1.318797892877770443e-03
1.000271822269148576e-02
1.199728848843403459e-02
1.198668747117030003e-02
-4.869704805942548303e-06
1.349239180720562771e-03
4.559153541692288579e-05
1.422621330223903992e-03
-3.580037187890025042e-03
-2.656095205807710609e-05
9.370924118516887587e-04
2.948962701729869050e-04
-3.199441900468482925e-05
-1.314593938262170227e-02
7.431816278757041698e-03
2.019595574905176801e-04
-3.674721140312504630e-01
5.482535334847839920e-02
3.259479533125224978e-03
-4.797760737222391512e-03
-3.507038795550771609e-03
5.218665792517937550e-05
1.289021979922425976e-03
-5.405402762293181175e-04
3.636325993894005303e-05
-3.077044212325729181e-04
-2.402142964916679219e-05
1.899153826309422032e-05
6.988664319966786907e-04
1.122494271082124200e-04
-4.944606350096182043e-05
-1.506645663574023887e-04
-4.394880546989236988e-05
-1.444347832139270258e-05
-5.066371038426920352e-04
2.419533382009258886e-04
4.776247917120218214e-05
3.820380877933386432e-01
2.883993486281486059e-03
-6.629295798347993075e-03
3.219851334811667134e-04
-3.872944145315006682e-03
-3.849615542790367582e-03
-1.997761082166294301e-04
-8.362421923996399015e-04
-3.569997339311440591e-03
-1.569757818729482018e-04
-2.564218295216564095e-02
9.162922480171453374e-03
4.774713498840773142e-04
5.540045707242398365e-02
-6.664105348631775561e-02
-3.164686672279104886e-04
3.023497731043078146e-02
2.093221555036498243e-03
-4.983949732341296651e-04
-2.781380026666883509e-03
2.381753372312598628e-03
-7.263112686716778881e-05
3.047457258974991027e-04
1.087223305102183761e-03
5.040008826320820318e-05
3.369518026914143606e-04
9.683347608513318645e-04
1.623417171095575430e-05
1.663608054122428558e-03
1.677606109788086768e-04
-1.267044989916097492e-04
-1.132062786651440037e-03
6.274052459015042786e-04
1.424061112450107736e-05
-5.655992134864901849e-02
6.420134083641318434e-02
-1.095459892094951691e-04
-1.661006346239341045e-04
3.073072649138465680e-03
1.275705240015470956e-04
-2.918457558288568539e-04
9.363349679468864831e-03
2.395924024516098041e-04
4.813240481009202075e-04
-3.976125845444167099e-04
-7.355456092907439354e-04
1.146488559823354860e-04
-5.925398328556123403e-03
4.327838922402713756e-03
-4.574120930712973366e-04
-1.980366439626895028e-02
-8.672931724189643788e-05
8.987746688811723171e-05
-2.279279406872236364e-03
-1.568094466562530763e-04
-5.507288922455973282e-05
-1.545523465389448585e-03
-1.038547017611357186e-04
-1.087876855340910828e-04
-4.374866023078958924e-04
-3.309706232692270116e-05
7.205806581877963277e-05
-5.156966927540361165e-03
5.275083815558621739e-05
-2.945366783105681690e-05
2.454791114595388630e-04
1.771908792092560681e-05
-1.398555126228665001e-04
2.219257183517275682e-03
-3.539889648445942831e-03
4.906198019464794646e-04
2.064477308789530036e-02
