6.574950916378828891e-01
-9.762770187205882522e-02
8.011410273737863408e-01
-2.288496751422456482e-03
-6.086913554539647060e-03
-3.327899698829542459e-03
-2.771770974269168603e-02
-6.370735706527744235e-02
-5.057686055811582392e-03
7.148691920542104006e-01
-6.638751737480866333e-03
-6.888006388019066173e-02
-7.276338400706067102e-04
9.522895246432430683e-02
7.923543905140948418e-01
-1.686383263993080717e-03
-2.863968628531298778e-03
5.562811891840079188e-03
1.147671687612938397e-02
1.504908693092595062e-02
2.333779451097378610e-02
-1.250895968982628226e-01
-6.033424688300489946e-02
-7.660911443459844867e-04
-4.364910014280089234e-02
9.111407492377252004e-03
2.613737553989300272e-03
8.773645293140693857e-01
-2.206272714220516851e-02
-2.031072415224823291e-01
-1.936990808237576455e-03
4.754875444493051467e-02
-2.737922144850385986e-01
-3.381066596541616297e-03
-8.866253964469781104e-03
5.774494165660424283e-01
-5.936195484381080615e-04
-2.944551719197061827e-03
-8.201900179691372708e-03
1.553060326042244406e-03
2.697905755000048166e-03
-2.982391559332957243e-02
2.006186041300200840e-02
-2.610967162804383752e-03
8.813883943846054225e-02
5.361237270713075515e-02
2.393948346096579083e-02
4.830178267413628643e-03
-2.361409013581435568e-01
1.260100035603156990e-02
-5.375217836303113625e-04
-1.040001452014546329e-01
5.017413338741316328e-03
-2.951793483360036757e-03
5.849679911260405873e-01
3.777864106268252059e-02
6.020133938247062069e-03
5.535173086110358349e-05
8.627190281675951866e-02
-1.571928891281277885e-01
-2.796491413568405991e-03
-1.008642724336115959e-02
2.591694301966928488e-02
1.316512530350172133e-03
4.286050081232134490e-02
8.483234353476282186e-01
7.480265848376689043e-03
3.378622957337770651e-03
-7.901697823824238923e-03
9.887724101981082946e-04
-1.721174902486204052e-04
1.059356634769628887e-02
-6.063664165701691811e-03
-3.475716850522531966e-03
4.791302067910086296e-03
3.220730000816072244e-03
1.118541490606465329e-02
-2.683417022065312692e-03
-6.681912872575719586e-02
3.073699904649218953e-02
-2.090199974633346301e-03
-1.005449826522813589e-01
-2.117950382697413383e-02
-1.347980394639733143e-03
6.749457088446005060e-02
-6.121834005716371430e-03
1.258223943217114376e-03
-2.103287771186453103e-01
-1.635057421438462777e-01
-4.540762389220513403e-04
7.876516256679023664e-01
-4.406345307789670540e-02
-1.397955741543038984e-02
-8.268416284009071906e-04
-4.858850957002504301e-02
2.245773667609463065e-02
6.333376192733002671e-04
4.767321001922439350e-02
4.705651292673553726e-03
2.353043745756547365e-04
-1.286016766313155812e-01
-3.301030079086155200e-01
-5.933065845316815197e-03
4.175537317856358593e-02
6.708416365812102100e-01
-3.312142041197606215e-03
-2.222502193270589534e-03
-4.828709434427440566e-04
1.670608756181611110e-03
1.834736703797713582e-04
-1.424300634872275109e-02
-1.604604220203856161e-04
1.658877407526631589e-03
5.055572975867629257e-03
-4.743875918068172527e-03
-5.492417294092130295e-03
-5.013224948196763446e-03
-2.304738922491572899e-03
3.909404045730836656e-03
4.242316416643290150e-02
-2.357634978927731217e-01
8.149352892315472885e-02
9.559586902880428533e-03
4.423732149502486444e-02
1.536414338121035693e-02
4.513059390088857738e-03
-7.783680665074199645e-02
-4.129895730701845652e-02
-8.275391107148487996e-03
-2.991264072269786412e-02
-6.217632481403616296e-02
-1.254675522434811445e-02
-1.009876946877827225e-01
1.180810704759328866e-01
6.453367837967770478e-03
6.537059497909208927e-01
6.384299840236151713e-02
-1.381157297816106300e-01
8.293041966443804669e-04
3.059924508024090134e-02
-5.011404200107340973e-03
5.012771631537698939e-03
-2.507577642282876954e-02
2.409066136736084940e-02
-4.720460014159650122e-03
-1.990344740460421938e-02
-2.237593800881484962e-02
-1.095059156853796234e-02
6.359056464312361212e-02
-2.348260513490859069e-01
3.166030852848448780e-03
1.306055462022406299e-01
8.881742545064478245e-01
3.919302136605952620e-03
-3.489201905570238522e-03
1.666022322086018088e-03
1.230637028275987158e-03
-3.528069407123365833e-03
1.488509744387171707e-02
3.624046013065176236e-03
7.631402250045662798e-03
-2.683811219636392589e-02
3.282606062623011763e-05
-1.567634785345081543e-03
-3.032792597698591441e-02
-1.845881866969072442e-03
4.277380847014201296e-04
1.299462325768082792e-03
-1.145695585322827406e-02
-6.007083228191800392e-03
6.842362589915701454e-02
-4.563711583880301209e-02
-5.377799691709433949e-02
1.143191441542544713e-03
-7.884178331138944756e-03
1.725732431766773922e-04
-1.684648953067585100e-03
2.408878563012570306e-03
5.039141765667129111e-03
3.524511974604629776e-03
3.834679211805255752e-03
-9.223009505356840471e-03
5.087614136963726670e-03
2.179787761102576493e-02
-3.215210985122283691e-03
-1.161333751270606125e-03
-2.794774472068902171e-01
-2.649398593587713457e-01
8.574037511603261122e-03
3.140253261905346371e-01
-1.794360251416414476e-02
2.082344712835434292e-02
7.353225217359921420e-04
-5.312566073803060354e-03
1.007537545105668952e-02
-2.600473686946449224e-03
-8.857717035143906209e-03
-1.650247611704791159e-02
3.153903641108678733e-03
4.026216329950995342e-03
-3.135940136201141593e-02
7.788652222460934298e-03
-2.049978452383974942e-02
-3.844445853701144306e-02
-5.452950608488513510e-04
-2.682213330205829305e-01
-5.108877747991303897e-01
1.030413010827048621e-02
3.288106629719871887e-01
5.619187181018828747e-01
5.163073705653963008e-03
3.015218027115851730e-03
3.177998582599274834e-03
-5.123014297726197002e-05
1.481716965026154366e-03
-9.362154978287262966e-03
-1.697471048977543468e-03
-3.381674124994493800e-03
8.602742817186028942e-03
-5.710443325857360135e-04
1.760096329888549043e-03
2.301925549856890379e-02
1.617204251063019673e-03
1.793622039195039500e-03
-7.167927631416981353e-03
6.908576075017682644e-03
1.124095184287896183e-02
-3.920419016050200045e-02
-1.262330944936650677e-02
-1.682400728605715559e-02
2.590288498285121463e-02
-9.339592455739716137e-02
-7.626495548510029560e-03
-2.859757569222604913e-03
-8.024001118288552614e-02
6.529633582215239873e-02
-3.656978859639806786e-03
-6.253818742680120613e-01
4.038709631920617271e-02
-1.606394855266402716e-02
3.589351460003732674e-02
2.914209461815102375e-02
2.043774576490799914e-03
-2.994604917661605054e-02
-1.581296987385285777e-02
4.514138005264915678e-04
4.287457974491681173e-02
-1.570148348472168512e-02
-2.486802804745746366e-03
-1.478591564525264315e-02
-1.598515380166537795e-03
9.316344926453211080e-04
7.707330989789911158e-01
-5.442044729134914993e-02
1.159018173758301351e-02
-8.538588675972494510e-04
6.219475087215001891e-02
-9.883947871922895562e-03
1.607553207015933973e-03
8.601597557338054589e-02
-9.870347389353892331e-02
4.017889565075069384e-03
1.546589157825036312e-04
-1.171988473626036503e-02
8.965059220149729658e-04
2.772214163877057165e-03
-1.654961429429933819e-03
-6.759429168627874209e-04
6.660309319897781549e-03
-4.641336991069805462e-03
-2.248087003736212904e-03
-2.248531535882624093e-03
2.431744930126366559e-03
7.662496807271791492e-04
-1.046810093805601583e-01
1.039025325430338181e-01
-3.478462188327281594e-03
-1.950022659770241518e-04
7.536282123142017467e-03
-4.934837993453601579e-04
-9.276924891619358455e-05
1.147287380861030694e-02
-1.895940066211861119e-02
4.739902691457371225e-03
-3.741086849068749748e-02
-7.762982219988129144e-04
-1.374599517243658064e-03
1.846735817590047053e-03
9.194586976892126689e-04
1.442501345075253424e-03
-3.470714509205782752e-03
2.429754261547972197e-03
-6.662302681352944272e-04
7.766716056176193803e-03
-7.832410060548659772e-04
-2.245040797363173114e-04
-5.725073734335023139e-04
2.126166182981797589e-02
-3.667175978002129317e-03
1.874553511443376522e-02
1.680782114099843962e-03
6.062585186308274473e-04
-8.688778565774283951e-05
-1.845394507406102405e-02
4.072078292858791193e-02
2.692799305315334138e-05
-2.333005186353760089e-03
-6.752322328099726045e-03
4.010191349831006150e-04
-7.431886114487744333e-02
7.078904380888693948e-02
1.336621239437936785e-03
1.100616196975967055e-02
-2.537401905818372286e-02
-2.079408987480586325e-04
-5.653397297050066946e-03
1.258521656055571272e-03
-7.695712694535687595e-04
2.238806812834605591e-04
-3.080972141917403141e-03
3.974767473979269280e-04
-2.551046136490116474e-03
2.608107308627795762e-03
-1.131175877886913037e-04
8.835459556610045229e-02
-5.696639770746124995e-04
5.806449201486102527e-04
1.765691764872684739e-05
-1.320116398854646444e-03
-8.532339715178462137e-04
1.418912138816972657e-04
-1.908860176254815284e-03
2.349329085321486248e-03
-1.872684775495301563e-05
7.679296297413194805e-02
-3.456970860208717355e-01
-3.024639555625831342e-03
1.045913539059209647e-02
-1.653184630645874315e-02
-4.784478179545769496e-05
-5.461289162339898716e-03
3.783969006665952603e-04
-3.979055384449811401e-04
1.837046134229981679e-03
-2.754568419586172329e-04
1.206829495128906843e-04
1.452011090012785867e-03
-1.544406010506152763e-04
6.824449342006301978e-05
-8.175418239548162824e-02
3.585093758586820889e-01
-2.436273584837187877e-03
-1.514372408204742951e-03
-5.376756909258713574e-04
7.763650802712563281e-04
-2.793436513533769597e-03
2.324677941023751363e-03
1.182830280266588749e-03
4.116742424442486857e-03
-2.048545266792303234e-03
4.742514941973376445e-04
-3.790119304150683585e-03
-2.571665588929802383e-03
-4.104174951459030633e-04
-5.982580856711504618e-04
9.617171577717294455e-04
3.186193582827019210e-03
4.933233079333757855e-03
3.356486116943838832e-03
-1.730895009762551751e-03
-2.944226398606245541e-03
-9.525957496306541915e-04
-9.394341062601007394e-05
-6.538046049474358036e-04
4.899034022460321391e-04
-1.092611301082631325e-03
3.112121072383527368e-03
-7.660584812815617126e-04
-1.185759524135800158e-01
1.395075105165415330e-01
-2.444128619492927715e-03
-3.956088516996646848e-03
-6.255475074024068917e-03
-6.660953215981325762e-05
1.448324450135120289e-02
-2.796442245998407433e-02
3.843651943281952018e-04
-1.468844937853489496e-03
-1.491265619978109731e-03
-3.926666470553676308e-04
-6.643558614861412581e-03
-1.762040074335953065e-04
3.473690872528223048e-04
-5.032751475768993017e-03
3.978774831524291289e-02
-1.019649888548415477e-03
4.946354784058830042e-03
-5.931099902860744941e-03
-2.101634900572381978e-04
-1.083993903977362909e-03
3.900073889604251370e-03
1.278539556567293532e-04
1.681859446017324215e-04
2.555440228415671708e-05
1.423668685859744924e-04
1.164367584431679342e-01
1.341141123827682413e-01
-4.059955998230370677e-01
7.701462954962379204e-03
-9.446475068767769441e-04
-4.719844079065296794e-04
3.791774242093483857e-05
8.605028239803446874e-03
-1.970291578061374171e-02
6.517649179880593635e-04
-2.906723046661613755e-03
-1.386830785323144976e-03
-4.762750076038806493e-04
1.633067020208035314e-03
2.568340244666687203e-03
1.307461597759384630e-04
-3.607191970068086232e-03
-2.237623581107199414e-04
6.794065523117204675e-04
4.196777699817824084e-04
-1.128947424149580358e-04
-2.657852848729613110e-04
4.345740635521911852e-03
3.057630580941863175e-03
-1.322441769012277731e-04
5.882183278477624996e-05
-5.268321263594909453e-05
1.812964915970546019e-04
-1.419930913436648623e-01
4.232560640346313408e-01
-4.253365055302496360e-03
1.222499219137579939e-02
-3.105774245425152371e-03
8.067613511586264584e-06
-1.269244700915643010e-04
2.858518507701535323e-03
6.278483821442651218e-05
-2.273774485334195683e-03
-3.826487241455837039e-03
-6.903370250033511292e-05
6.684214289008747931e-05
-7.070295948153341092e-04
2.691511974445885908e-04
-3.667325455198434210e-05
7.853809575334606352e-04
6.376841343317168811e-04
-1.530275207055238618e-03
-3.107395857068046083e-03
-2.881346896937810932e-04
-6.512484841364422493e-05
-1.150542060734303712e-03
4.656663001762790122e-04
4.054284738979752729e-04
-3.134404837760377052e-03
4.739968979416483980e-05
3.379947993689901258e-05
-8.521515114135825913e-04
3.228036560290867187e-03
-8.498468000111681839e-03
8.289533978915613471e-03
-1.392549099591265823e-04
5.437871146688365818e-03
4.758457986581494839e-05
-2.405364747243627921e-01
-2.019870965054264556e-01
-9.727099056020975520e-03
1.493357885593671504e-02
1.560013936234214312e-02
7.296447730028555144e-04
-1.002453357015018788e-02
-2.728586993343070505e-02
-9.205247245738097358e-04
-4.423601691744303427e-03
3.873666524446395167e-03
-6.298975115033975298e-05
-1.828404454099780184e-03
1.150285777908975756e-04
2.959141708295311117e-06
-4.620069217109827055e-04
-8.031330914357574400e-04
5.800250668104537120e-05
-1.325515146306360456e-03
-3.116846987563118895e-03
-9.186201738205577842e-05
1.131900132383477147e-03
2.954375588362792376e-04
1.701213014567267811e-06
9.156712006705367826e-04
2.468811505869309558e-04
-8.478583324125852499e-05
2.421995300208192592e-01
5.439811053793207861e-03
-3.726187876488422368e-03
5.483686685531208825e-04
-1.984397229861520895e-01
-3.048131679271685046e-01
-1.067205202410945013e-02
-3.459515707748097441e-02
-1.968793117434542578e-02
-1.686968408883189737e-03
1.240339548514759679e-02
1.248568634537354852e-02
7.118746426677409998e-04
2.641343799811792306e-03
-1.675410264821139200e-03
-2.460181594781546692e-04
7.590583144911609327e-04
-7.917518183319737066e-05
-8.056945445945190316e-04
-6.467984958048108050e-04
-2.933395449828355843e-05
3.630010487831505906e-04
3.970878927315108116e-03
4.877327201614116772e-03
1.169894053066542470e-04
5.146649143517465158e-04
6.324814489567016267e-04
-1.061872179147264027e-04
-1.135987527875779090e-03
-9.831817596813983724e-04
-1.327081931605370350e-04
2.087519589661075980e-01
3.124031739491567317e-01
-5.122617398425452804e-05
1.645378720225684143e-06
1.749144822268725551e-03
-1.162562206430290714e-02
-1.287667902637795736e-02
-1.775881344502680190e-02
8.721826089208137203e-04
5.538965882107649372e-04
1.519640594423749859e-03
1.008376941888923257e-03
4.194395411078622057e-04
1.108716857289827060e-03
-1.126134366113382845e-04
6.772863754075581009e-05
2.847952529613671444e-03
2.861280346180060754e-04
2.123966154709165590e-04
2.799419586942961178e-04
-1.838613247592673912e-04
-2.376376564204618115e-04
-7.829667879964857281e-04
-1.652194206129890233e-04
-2.249838333228223786e-05
-2.862366833215115262e-03
-8.135780494612353009e-06
-8.801295483574582662e-05
7.804947646877406038e-04
-1.308784392688292809e-04
1.106707253486914660e-04
2.731207052758940698e-03
1.007797323472882194e-02
1.181796689747971994e-02
1.194023789389295730e-02
3.499345201108467395e-04
1.352146673472298579e-03
1.270670888421195758e-05
1.687817612730948036e-05
-2.434368543954873454e-03
7.678002989060815685e-05
1.605726228796602786e-03
-5.260280233937286850e-04
-2.793306756947167013e-05
-1.211385359119127210e-02
6.926456141207950820e-03
2.199087883176586240e-04
-3.682564434654596042e-01
5.444872300566249573e-02
3.030722223018107904e-03
-4.325210643058380322e-03
-4.179086206130103696e-03
1.950537910601562812e-04
1.009666902075296397e-03
-5.881556180238057792e-04
7.725068550532625754e-05
-7.908633070082344207e-04
1.607451520351704842e-04
-4.286326169623308317e-05
7.447484306037575582e-04
1.519645599183842106e-04
4.322822915677058891e-07
-1.890250108122305058e-04
2.832483561581616746e-05
-2.347105302572587569e-05
-4.408887914764718298e-04
3.365546262954232141e-04
3.289581987762588979e-05
3.823893305512921503e-01
2.150784710624014263e-03
-6.351054798879910215e-03
5.447717084402793055e-04
-3.530686077416445110e-03
-3.988596769265878063e-03
-1.685059953582878169e-04
-1.681182522241102175e-03
-3.015748358000430469e-03
-9.160663129844454024e-05
-2.638378459049172189e-02
7.088839299106717250e-03
7.133566730956827386e-05
5.771816725770832768e-02
-6.335807158379198889e-02
1.814882700863389218e-04
2.780143965711807247e-02
3.517859895287391448e-03
-9.990005823231060730e-04
-2.227695087010517737e-03
2.362510742652359271e-03
-7.007218720316329269e-05
8.263162554516631942e-04
8.986285299733564897e-04
-1.511240034749512551e-05
4.052949557569378932e-04
1.114518740718124313e-03
5.701146527192718037e-05
1.726658812148386358e-03
4.781800948372543885e-05
-6.711382938192660065e-05
-1.128036768942507987e-03
5.957191937353256131e-04
4.108363708751066213e-05
-5.567727660270508500e-02
6.108757709898124388e-02
1.537326916865840078e-03
6.960341207409402467e-04
3.865558840202811680e-03
-4.762060281730380812e-04
9.054466750301321237e-04
1.525499136488962641e-04
-7.703542642940753443e-04
-1.640631333248106010e-03
4.173107447246162180e-05
8.320467720118646961e-05
2.176051332375488975e-04
7.845384365762188283e-03
4.501870239999071661e-03
-1.114797332151416451e-03
-2.299550573200242337e-02
-1.695248034554531222e-03
-1.520047932634203220e-03
1.800272068222716218e-03
1.260691192610187601e-04
1.459260523452984284e-03
-1.509997139204241785e-03
1.724996178542980818e-04
4.277409057469343983e-04
-4.071842778960886784e-04
6.881981855900872163e-05
8.273355167317789267e-05
-1.845870936993000548e-04
3.410495046799986182e-05
-1.204930749150101761e-04
1.219144851763098768e-03
-3.060406663294521493e-05
9.142788535020664436e-05
-1.553189407391510025e-03
-3.551482946553855165e-03
5.157208777168086327e-04
1.172582253612136638e-02
