551.6724565756824  0.1874999999999999
555.1073200992556  0.15909090909090906
561.5564516129034  0.13636363636363624
565.0614143920596  0.10227272727272729
568.2158808933003  0.09659090909090895
589.9466501240696  0.08522727272727271
599.1997518610423  0.08522727272727271
624.0148883374691  0.07386363636363624
633.2679900744417  0.07386363636363624
645.4652605459057  0.08522727272727271
651.2834987593053  0.11363636363636354
654.5781637717122  0.09659090909090895
663.971464019851  0.08522727272727271
679.393300248139  0.08522727272727271
688.6464019851117  0.08522727272727271
700.983870967742  0.08522727272727271
710.2369727047146  0.08522727272727271
716.2655086848636  0.09659090909090895
719.3498759305211  0.09659090909090895
737.8560794044665  0.09659090909090895
747.1091811414392  0.09659090909090895
759.2363523573202  0.11363636363636354
758.8858560794046  0.14204545454545436
758.4652605459058  0.17613636363636354
758.044665012407  0.2102272727272727
764.0031017369727  0.22727272727272718
763.7227047146401  0.2499999999999999
763.3722084367246  0.27840909090909083
766.2462779156328  0.2954545454545453
772.6954094292803  0.2727272727272727
773.045905707196  0.24431818181818166
779.5651364764269  0.21590909090909083
779.7754342431763  0.19886363636363624
783.3504962779157  0.15909090909090906
783.560794044665  0.14204545454545436
793.1643920595534  0.11363636363636354
802.4174937965261  0.11363636363636354
814.7549627791564  0.11363636363636354
820.9236972704715  0.11363636363636354
836.3455334987594  0.11363636363636354
851.6271712158809  0.125
867.259305210918  0.10795454545454541
879.6668734491316  0.10227272727272729
891.9342431761787  0.10795454545454541
907.3560794044665  0.10795454545454541
925.8622828784119  0.10795454545454541
931.8908188585608  0.11931818181818166
934.9751861042184  0.11931818181818166
941.354218362283  0.10227272727272729
962.8045905707197  0.11363636363636354
962.8045905707197  0.11363636363636354
975.1420595533499  0.11363636363636354
990.5638957816376  0.11363636363636354
1012.1544665012406  0.11363636363636354
1024.4919354838707  0.11363636363636354
1033.7450372208434  0.11363636363636354
1040.0539702233248  0.10227272727272729
1042.998138957816  0.11363636363636354
1052.251240694789  0.11363636363636354
1067.6029776674936  0.11931818181818166
1073.4913151364763  0.14204545454545436
1079.6600496277913  0.14204545454545436
1088.7729528535979  0.15340909090909094
1091.7171215880892  0.16477272727272718
1095.011786600496  0.14772727272727249
1098.3765508684862  0.125
1107.6997518610422  0.11931818181818166
1120.3176178660046  0.09659090909090895
1120.1073200992553  0.11363636363636354
1125.9956575682381  0.13636363636363624
1138.6135235732006  0.11363636363636354
1150.950992555831  0.11363636363636354
1153.9652605459055  0.11931818181818166
1166.0924317617864  0.13636363636363624
1181.5142679900744  0.13636363636363624
1190.5570719602977  0.15340909090909094
1197.1464019851114  0.11931818181818166
1206.1191066997515  0.14204545454545436
1208.8529776674936  0.17045454545454541
1208.7127791563273  0.18181818181818177
1214.4609181141436  0.21590909090909083
1214.180521091811  0.23863636363636354
1220.0688585607938  0.26136363636363635
1219.6482630272951  0.2954545454545453
1219.2977667493794  0.32386363636363635
1219.017369727047  0.34659090909090906
1218.8771712158807  0.3579545454545454
1218.526674937965  0.38636363636363624
1224.064516129032  0.4374999999999999
1223.6439205955332  0.47159090909090906
1223.1532258064512  0.5113636363636362
1222.8027295285356  0.5397727272727272
1222.45223325062  0.5681818181818181
1221.8213399503718  0.6193181818181818
1227.6395781637714  0.6477272727272726
1230.093052109181  0.6988636363636362
1230.0229528535979  0.7045454545454546
1229.8827543424316  0.7159090909090908
1229.6724565756822  0.7329545454545454
1228.971464019851  0.7897727272727273
1235.140198511166  0.7897727272727273
1235.5607940446648  0.7556818181818181
1232.826923076923  0.7272727272727273
1233.1073200992555  0.7045454545454546
1233.5279156327542  0.6704545454545454
1243.2717121588087  0.6306818181818181
1243.6222084367241  0.6022727272727273
1247.1972704714638  0.5624999999999999
1247.4776674937962  0.5397727272727272
1251.1228287841188  0.49431818181818177
1251.3331265508682  0.4772727272727272
1251.753722084367  0.4431818181818181
1252.244416873449  0.40340909090909083
1252.7351116625307  0.36363636363636354
1253.0856079404464  0.3352272727272726
1253.366004962779  0.3125
1253.5763027295284  0.2954545454545453
1253.996898263027  0.26136363636363635
1254.2772952853595  0.23863636363636354
1254.2772952853595  0.23863636363636354
1267.1054590570718  0.19886363636363624
1267.2456575682381  0.1874999999999999
1267.5961538461536  0.15909090909090906
1270.7506203473943  0.15340909090909094
1271.0310173697267  0.13068181818181812
1277.2698511166252  0.125
1286.5229528535979  0.125
1295.7059553349875  0.13068181818181812
1298.7202233250619  0.13636363636363624
1308.1135235732008  0.125
1308.3939205955332  0.10227272727272729
1308.6743176178657  0.07954545454545436
1321.011786600496  0.07954545454545436
1326.9702233250616  0.09659090909090895
1336.0831265508684  0.10795454545454541
1348.3504962779152  0.11363636363636354
1363.7723325062032  0.11363636363636354
1372.8852357320097  0.125
1372.3945409429277  0.16477272727272718
1375.198511166253  0.1874999999999999
1377.932382133995  0.21590909090909083
1380.876550868486  0.22727272727272718
1383.540322580645  0.26136363636363635
1386.4143920595532  0.27840909090909083
1392.3027295285356  0.30113636363636354
1395.1066997518608  0.32386363636363635
1394.8263027295284  0.34659090909090906
1395.246898263027  0.3125
1395.6674937965258  0.27840909090909083
1399.0322580645156  0.25568181818181823
1402.3269230769226  0.23863636363636354
1405.691687344913  0.21590909090909083
1406.1122828784116  0.18181818181818177
1406.392679900744  0.15909090909090906
1412.5614143920593  0.15909090909090906
1424.8287841191066  0.16477272727272718
1424.8988833746896  0.15909090909090906
1431.4882133995036  0.125
1434.6426799007443  0.11931818181818166
1456.233250620347  0.11931818181818166
1456.233250620347  0.11931818181818166
1484.0626550868483  0.11363636363636354
1496.540322580645  0.10227272727272729
1508.9478908188582  0.09659090909090895
1530.5384615384612  0.09659090909090895
1549.254962779156  0.07954545454545436
1564.3964019851114  0.10227272727272729
1569.864143920595  0.15909090909090906
1570.2146401985108  0.13068181818181812
1576.383374689826  0.13068181818181812
1591.8052109181137  0.13068181818181812
1604.142679900744  0.13068181818181812
1619.1439205955332  0.16477272727272718
1630.9906947890815  0.20454545454545459
1630.710297766749  0.22727272727272718
1636.5285359801485  0.25568181818181823
1648.7959057071955  0.26136363636363635
1658.1191066997515  0.25568181818181823
1660.9931761786597  0.2727272727272727
1666.8815136476424  0.2954545454545453
1681.9528535980146  0.32386363636363635
1691.2059553349873  0.32386363636363635
1697.3746898263023  0.32386363636363635
1697.6550868486347  0.30113636363636354
1713.4975186104216  0.2670454545454545
1710.833746898263  0.2329545454545453
1729.690446650124  0.20454545454545459
1742.518610421836  0.16477272727272718
1748.8976426799004  0.14772727272727249
1755.4869727047144  0.11363636363636354
1777.5682382133991  0.07386363636363624
1792.990074441687  0.07386363636363624
1814.6507444168728  0.06818181818181812

