557.4860486551406    0.11965477753260889
557.4513308940592    0.1111080077088511
561.4785911795101    0.10253330726475429
565.5058514649611    0.09395860682065726
565.4364159427981    0.07686506717314168
569.463676228249    0.06829036672904487
569.4289584671676    0.05974359690528708
573.4562187526185    0.051168896461190494
573.421500991537    0.04262212663743248
577.448761276988    0.03404742619333545
577.4140435159065    0.025500656369577657
581.4413038013574    0.01692595592548085
585.5032818478899    0.01689802530514184
593.6272379409546    0.016842164064463594
597.689215987487    0.016814233444124582
605.8131720805519    0.016758372203446337
609.8751501270843    0.016730441583107325
613.9371281736167    0.016702510962768313
613.9024104125352    0.00815574113901052
622.0263665056001    0.008099879898332274
626.053626791051    -0.00047482054576430954
630.1156048375834    -0.0005027511661035433
638.2395609306483    -0.0005586124067815668
646.3635170237131    -0.0006144736474598123
646.4329525458761    0.016479066000055553
654.5916264000224    0.024969974583135324
658.6536044465547    0.02494204396279609
662.6808647320057    0.016367343518699284
666.7081250174566    0.007792643074602479
674.79736334944    -0.0008099879898333384
678.8593413959724    -0.0008379186101723501
682.9213194425048    -0.0008658492305113619
691.0452755355698    -0.0009217104711896074
695.1072535821021    -0.0009496410915286191
703.231209675167    -0.0010055023322068646
707.2931877216994    -0.0010334329525458763
715.4865793369271    0.016004245454291244
719.5485573834595    0.015976314833952232
723.6105354299921    0.01594838421361322
727.6725134765244    0.015920453593273987
731.7344915230568    0.015892522972934975
739.8584476161217    0.01583666173225673
743.920425662654    0.015808731111917718
743.9551434237354    0.02435550093567551
743.9898611848168    0.032902270759433305
748.0865569924308    0.04142110996285209
756.2452308465771    0.04991201854593186
760.3419266541911    0.05843085774935042
764.4733402228865    0.075496466776527
764.5427757450494    0.09259000642404258
764.6122112672123    0.10968354607155817
764.6816467893752    0.12677708571907376
764.7510823115382    0.14387062536658934
764.7858000726197    0.15241739519034714
768.8824958802336    0.16093623439376548
768.917213641315    0.1694830042175235
768.9519314023966    0.17802977404128129
769.0213669245595    0.19512331368879687
769.0908024467225    0.21221685333631224
773.2222160154176    0.22928246236348904
773.2569337764992    0.23782923218724683
773.3263692986621    0.2549227718347624
773.3610870597436    0.26346954165852
777.3883473451946    0.2548948412144234
777.353629584113    0.2463480713906656
781.3461721084826    0.2292266011228108
781.2767365863198    0.21213306147529498
781.2073010641568    0.19503952182777962
781.1378655419938    0.17794598218026403
781.0684300198309    0.16085244253274822
780.9989944976679    0.14375890288523285
785.0262547831188    0.13518420244113605
789.0535150685697    0.12660950199703924
788.9493617853253    0.10096919252576586
788.8104907409994    0.06678211323073469
788.775772979918    0.05823534340697689
792.7683155042874    0.04111387313912229
796.8302935508198    0.04108594251878306
800.8922715973522    0.04105801189844405
809.0162276904172    0.0410021506577658
817.1401837834819    0.04094628941708778
821.2021618300143    0.040918358796748766
829.3261179230791    0.04086249755607052
837.4847917772255    0.04935340613915029
845.6087478702902    0.04929754489847227
849.6707259168227    0.049269614278133034
857.7252464877245    0.0321202133899392
861.7872245342569    0.03209228276960019
869.9111806273218    0.03203642152892194
873.9731586738542    0.03200849090858293
882.0971147669189    0.031952629667904686
890.2210708599838    0.03189676842722644
898.3450269530487    0.03184090718654842
906.5384185682764    0.04887858559338598
906.503700807195    0.040331815769627966
914.5582213780968    0.023182414881434354
922.7516129933247    0.0402200932882717
930.8755690863895    0.04016423204759367
938.9995251794543    0.04010837080691543
947.123481272519    0.04005250956623718
955.247437365584    0.03999664832555916
963.3366756975672    0.03139401726112312
971.4953495517136    0.03988492584420289
975.5573275982459    0.039856995223863656
987.7432617378433    0.0397732033628464
995.8672178309081    0.039717342122168375
1003.9911739239728    0.03966148088149013
1016.1423903024886    0.03103091919671508
1024.2663463955535    0.030975057956037055
1032.390302488618    0.03091919671535881
1040.4795408206016    0.02231656565092277
1052.7001927212802    0.03077954361366353
1056.7968885288942    0.03929838281708209
1068.9828226684915    0.03921459095606483
1077.1067787615564    0.03915872971538681
1081.2381923302516    0.056224338742563384
1089.3968661843978    0.06471524732564293
1089.466301706561    0.08180878697315852
1097.5555400385444    0.07320615590872248
1097.4861045163814    0.056112616261206893
1097.4513867552998    0.04756584643744932
1101.4439292796692    0.0304443761695945
1109.5331676116527    0.02184174510515846
1117.691841465799    0.03033265368823823
1125.8505153199453    0.03882356227131778
1133.9744714130102    0.038767701030639756
1138.0364494595426    0.03873977041030052
1146.1604055526072    0.0386839091696225
1154.3537971678352    0.05572158757645984
1162.4777532609    0.05566572633578182
1170.6017093539647    0.05560986509510357
1174.7331229226602    0.07267547412228015
1182.8917967768064    0.0811663827053597
1186.884339301176    0.0640449124375051
1186.8149037790129    0.04695137278998973
1194.9388598720777    0.046895511549311486
1199.0355556796917    0.055414350752730046
1199.0702734407732    0.06396112057648784
1199.139708962936    0.08105466022400343
1199.2091444850992    0.09814819987151902
1199.278580007262    0.1152417395190346
1203.3405580537942    0.11521380889869559
1203.409993575957    0.13230734854621118
1207.5066893835713    0.14082618774962974
1207.5414071446528    0.14937295757338753
1207.6108426668156    0.16646649722090312
1211.672820713348    0.1664385666005641
1211.7422562355111    0.1835321062480797
1211.7769739965925    0.1920788760718375
1211.8464095187555    0.20917241571935286
1215.9778230874506    0.22623802474652965
1216.0472586096137    0.24333156439404524
1216.081976370695    0.25187833421780303
1216.151411892858    0.2689718738653184
1220.2133899393905    0.26894394324497917
1220.2828254615533    0.286037482892495
1220.3175432226349    0.29458425271625277
1220.3522609837164    0.30313102254001056
1220.4216965058793    0.32022456218752593
1220.4564142669608    0.3287713320112837
1220.4911320280423    0.3373181018350415
1220.5258497891236    0.34586487165879953
1220.5605675502052    0.3544116414825573
1220.630003072368    0.3715051811300727
1220.6647208334496    0.3800519509538305
1220.7341563556126    0.3971454906013461
1220.8035918777755    0.41423903024886166
1220.838309638857    0.42278580007261946
1220.8730273999383    0.43133256989637725
1220.9424629221014    0.44842610954389284
1221.0118984442643    0.4655196491914084
1225.0738764907967    0.4654917185710694
1225.1085942518782    0.4740384883948272
1225.178029774041    0.4911320280423428
1225.2127475351226    0.4996787978661006
1225.316900818367    0.5253191073373739
1225.4210541016114    0.5509594168086472
1225.455771862693    0.559506186632405
1225.4904896237745    0.5680529564561629
1225.525207384856    0.5765997262799206
1229.6219031924697    0.5851185654833394
1229.6566209535513    0.5936653353070973
1229.6913387146328    0.602212105130855
1229.7954919978772    0.6278524146021284
1229.8302097589587    0.6363991844258862
1229.86492752004    0.644945954249644
1229.9343630422031    0.6620394938971595
1230.003798564366    0.679133033544675
1230.073234086529    0.6962265731921907
1234.1699298941428    0.7047454123956093
1234.2046476552243    0.7132921822193672
1234.2393654163059    0.721838952043125
1234.2740831773872    0.7303857218668827
1234.3435186995503    0.7474792615143984
1234.412954221713    0.7645728011619138
1234.4476719827946    0.7731195709856717
1234.5171075049577    0.7902131106331872
1238.5790855514902    0.7901851800128481
1238.6138033125715    0.7987319498366059
1238.648521073653    0.8072787196603637
1242.7104991201854    0.8072507890400247
1242.6410635980226    0.7901572493925091
1242.5716280758595    0.7730637097449936
1242.4674747926151    0.7474234002737202
1242.4327570315336    0.7388766304499623
1242.3286037482892    0.713236320978689
1242.2938859872077    0.7046895511549311
1242.1897327039633    0.6790492416836578
1242.085579420719    0.6534089322123845
1242.0508616596373    0.6448621623886267
1242.016143898556    0.6363153925648689
1241.946708376393    0.6192218529173533
1241.8772728542301    0.6021283132698377
1241.7731195709857    0.5764880037985644
1241.7036840488227    0.5593944641510488
1241.6342485266598    0.5423009245035333
1241.5648130044967    0.5252073848560176
1241.5300952434154    0.5166606150322599
1245.5920732899478    0.5166326844119208
1245.5226377677848    0.4995391447644051
1245.4879200067032    0.4909923749406475
1245.3837667234588    0.46535206546937413
1245.2796134402145    0.43971175599810075
1245.244895679133    0.43116498617434296
1245.1407423958885    0.4055246767030696
1245.1060246348072    0.3969779068793118
1245.0365891126442    0.3798843672317962
1245.0018713515626    0.3713375974080384
1244.9324358293998    0.35424405776052303
1244.8977180683182    0.34569728793676524
1244.8282825461554    0.32860374828924943
1248.8208250705247    0.3114822780213946
1248.7513895483619    0.29438873837387924
1248.681954026199    0.27729519872636343
1248.612518504036    0.26020165907884785
1248.543082981873    0.24310811943133248
1252.5356255062425    0.22598664916347788
1252.4661899840796    0.20889310951596207
1252.431472222998    0.2003463396922045
1252.3967544619165    0.1917995698684467
1252.3620367008352    0.1832528000446889
1256.3545792252046    0.1661313297768343
1256.319861464123    0.1575845599530763
1256.2504259419602    0.14049102030556093
1256.1809904197974    0.12339748065804534
1264.2702287517807    0.1147948495936093
1264.2355109906991    0.10624807976985151
1264.2007932296176    0.09770130994609372
1264.1313577074548    0.08060777029857813
1264.061922185292    0.06351423065106254
1264.0272044242104    0.05496746082730475
1268.0197469485795    0.03784599055945015
1272.081724995112    0.03781805993911114
1280.2056810881768    0.03776219869843289
1284.3023768957908    0.046281037901851896
1292.4610507499372    0.05477194648493122
1296.557746557551    0.06329078568835
1300.6197246040836    0.06326285506801099
1300.585006843002    0.05471608524425298
1304.612267128453    0.04614138480015639
1308.6048096528225    0.02901991453230157
1312.6320699382734    0.020445214088204766
1312.5973521771919    0.011898444264446972
1320.7213082702567    0.011842583023768727
1324.8180040778705    0.02036142222718751
1332.9419601709355    0.020305560986509263
1336.9692204563862    0.011730860542412458
1341.0659162640002    0.02024969974583124
1349.2245901181466    0.02874060832891079
1353.32128592576    0.03725944753232957
1361.4452420188252    0.037203586291651325
1361.5146775409883    0.05429712593916691
1365.6460911096835    0.07136273496634349
1365.680808870765    0.07990950479010128
1365.750244392928    0.09700304443761687
1365.819679915091    0.11409658408513246
1369.8816579616234    0.11406865346479322
1373.9783537692372    0.122587492668212
1374.0477892914    0.1396810323157276
1374.1172248135629    0.15677457196324296
1374.186660335726    0.17386811161075877
1378.2833561433401    0.18238695081417755
1378.352791665503    0.19948049046169314
1378.3875094265845    0.2080272602854507
1378.4569449487474    0.22512079993296652
1378.491662709829    0.2336675697567243
1378.5610982319918    0.2507611094042399
1382.623076278524    0.2507331787839009
1382.6577940396055    0.25927994860765846
1382.7272295617686    0.27637348825517405
1382.7966650839314    0.29346702790268986
1382.831382845013    0.30201379772644765
1386.8933608915454    0.3019858671061084
1390.955338938078    0.3019579364857694
1390.9206211769965    0.2934111666620116
1390.885903415915    0.2848643968382538
1390.8164678937521    0.267770857190738
1390.7817501326706    0.2592240873669802
1390.7123146105077    0.24213054771946485
1390.6428790883447    0.22503700807194926
1390.5734435661818    0.20794346842443345
1390.5040080440187    0.1908499287769181
1390.4692902829374    0.1823031589531603
1394.4618328073066    0.1651816886853057
1394.3923972851437    0.1480881490377901
1394.3229617629806    0.13099460939027452
1394.2535262408178    0.11390106974275893
1394.1840907186547    0.09680753009524334
1398.2460687651871    0.09677959947490411
1402.2733290506383    0.0882048990308073
1410.4667206658658    0.10524257743764465
1414.5286987123984    0.10521464681730563
1418.5559589978493    0.09663994637320883
1422.5832192833002    0.08806524592911202
1426.6104795687513    0.079490545485015
1426.506326285507    0.053850236013741615
1434.5955646174903    0.04524760494930602
1438.692260425104    0.05376644415272436
1442.7542384716364    0.053738513532385346
1450.8781945647013    0.05368265229170732
1459.0021506577662    0.05362679105102908
1458.9674328966846    0.045080021227271505
1467.0219534675864    0.02793062033907745
1475.1806273217328    0.03642152892215722
1479.2078876071837    0.027846828478060193
1483.2351478926348    0.019272128033963387
1491.3591039856994    0.019216266793285364
1499.4830600787643    0.019160405552607118
1499.4483423176828    0.010613635728849324
1507.5722984107476    0.010557774488171079
1515.6962545038125    0.010501913247493055
1519.758232550345    0.010473982627153822
1523.7854928357958    0.0018992821830570161
1527.8474708823285    0.0018713515627180044
1535.9714269753931    0.001815490322039759
1544.1301008295393    0.01030639890511953
1548.2615143982348    0.027372007932295883
1548.3309499203976    0.04446554757981169
1552.4276457280116    0.05298438678323025
1552.4970812501745    0.07007792643074584
1556.5937770577884    0.07859676563416462
1560.6557551043209    0.07856883501382561
1560.5516018210765    0.05292852554255223
1564.5788621065274    0.044353825098455424
1572.6333826774292    0.02720442421026159
1576.7647962461247    0.04427003323743817
1580.8614920537384    0.05278887244085673
1588.9854481468035    0.05273301120017848
1597.1094042398684    0.05267714995950046
1601.206100047482    0.06119598916291924
1605.3027958550958    0.0697148283663378
1609.3994916627098    0.07823366756975658
1613.4961874703238    0.08675250677317536
1613.530905231405    0.09529927659693316
1613.5656229924866    0.10384604642069095
1613.6003407535682    0.11239281624444875
1613.6350585146497    0.12093958606820654
1613.669776275731    0.12948635589196433
1613.7044940368125    0.13803312571572213
1617.8011898444265    0.1465519649191407
1621.863167890959    0.14652403429880168
1621.8978856520403    0.15507080412255925
1621.9326034131218    0.16361757394631726
1621.9673211742033    0.17216434377007506
1622.0020389352849    0.18071111359383285
1622.0367566963662    0.18925788341759064
1626.1681702650617    0.206323492444767
1630.230148311594    0.20629556182442776
1634.2921263581266    0.20626763120408875
1638.3541044046588    0.20623970058374974
1642.3813646901096    0.19766500013965316
1646.4433427366423    0.19763706951931392
1650.5053207831745    0.1976091388989749
1654.6020165907887    0.20612797810239347
1654.63673435187    0.21467474792615127
1654.6714521129516    0.22322151774990928
1658.7681479205653    0.23174035695332784
1662.8648437281793    0.24025919615674662
1662.8995614892606    0.24880596598050442
1662.9342792503421    0.257352735804262
1667.030975057956    0.26587157500768077
1671.12767086557    0.27439041421109955
1675.1896489121025    0.2743624835907603
1679.251626958635    0.2743345529704213
1683.3483227662487    0.2828533921738403
1683.3830405273302    0.2914001619975981
1687.4450185738624    0.2913722313772589
1691.4722788593135    0.28279753093316207
1691.4375610982322    0.27425076110940405
1691.4028433371507    0.26570399128564626
1691.3681255760691    0.25715722146188846
1691.3334078149876    0.2486104516381309
1691.2639722928247    0.2315169119906153
1691.2292545317432    0.2229701421668575
1691.1598190095804    0.2058766025193417
1695.2217970561126    0.2058486718990027
1695.187079295031    0.19730190207524512
1695.1523615339495    0.18875513225148732
1695.1176437728682    0.18020836242772953
1699.1796218194006    0.1801804318073903
1699.1101862972375    0.1630868921598747
1699.075468536156    0.1545401223361167
1707.1994246292209    0.15448426109543867
1707.1647068681395    0.1459374912716811
1707.129989107058    0.1373907214479233
1707.0952713459765    0.1288439516241655
1707.0605535848952    0.12029718180040772
1707.0258358238136    0.11175041197664992
1711.087813870346    0.11172248135631091
1711.0530961092645    0.10317571153255312
1710.9836605871017    0.08608217188503753
1715.045638633634    0.0860542412646983
1715.0109208725526    0.0775074714409405
1714.976203111471    0.06896070161718271
1719.0034633969221    0.0603860011730859
1723.0307236823728    0.051811300728989096
1727.057983967824    0.04323660028489229
1731.0505264921935    0.02611513001703747
1735.0777867776444    0.017540429572940663
1739.1050470630953    0.008965729128843636
1743.1670251096275    0.008937798508504624
1747.2290031561602    0.008909867888165612
1755.3529592492248    0.008854006647487367
1759.449655056839    0.01737284585090615
1763.5116331033712    0.017344915230567137
1771.635589196436    0.017289053989888892
1775.6975672429685    0.01726112336954988
1779.7595452895007    0.017233192749210646
1787.8835013825658    0.017177331508532623
1791.9107616680164    0.008602631064435817
1795.9380219534678    0.00002793062033878968
