   -0.109286635E+01   -0.466307052E+00   -0.122506304E-14
   -0.109286635E+01   -0.466307052E+00   -0.122506304E-14
    0.408098406E+00    0.100313980E+00   -0.101217053E-16
   -0.954438523E-01   -0.882857207E+00   -0.155830149E-14
    0.366768590E-13   -0.419384481E-14   -0.159540650E-01
    0.907483989E+00    0.877237111E-01   -0.118119564E-13
    0.204179609E+00    0.671091628E-01    0.116330114E-13
    0.238765884E-13    0.275888378E-13    0.429469540E+00
   -0.679003547E+00   -0.566321824E-01    0.715294583E-14
   -0.480512286E+00   -0.549144950E+00   -0.471639170E-15
    0.199782152E-13    0.313233211E-14   -0.383107490E+00
    0.105658551E+00    0.417297229E+00    0.427830632E-14
    0.243438923E+00    0.783750411E+00   -0.885216567E-14
   -0.113522838E-12   -0.783779106E-13   -0.138798339E+00
   -0.282507126E+00    0.677337664E+00   -0.260942839E-14
   -0.198318000E+00    0.273379355E+00    0.107583123E-14
    0.233465291E-13    0.198362419E-13    0.716355145E-01
    0.200753347E-01   -0.296325426E-01    0.298483071E-15
   -0.310741529E-01    0.540326329E-01   -0.220645423E-15
    0.741593950E-15    0.634285551E-14   -0.599961888E-01
   -0.139840327E-01    0.122748731E-01   -0.125873054E-14
    0.978045696E-02   -0.656766776E-02    0.500577129E-15
    0.228936764E-13    0.223462246E-13    0.553757362E-01
    0.782181713E-01   -0.777400740E+00   -0.614388974E-15
    0.102330038E+00   -0.532900212E+00   -0.144553893E-14
    0.170357065E-13    0.960177113E-14   -0.987006727E-02
   -0.106123719E+00   -0.534497973E+00    0.421246033E-15
    0.119459119E+00    0.395768332E+00   -0.109739188E-14
   -0.306346067E-13    0.360882461E-14    0.210204395E-01
   -0.513642266E+00    0.148375354E+00    0.406265503E-14
    0.168570047E-01    0.413038289E+00    0.217058049E-15
   -0.315207099E-14   -0.148914677E-14    0.401870468E-01
    0.629633399E-01   -0.391629167E-01    0.106204026E-14
    0.309445907E-01   -0.324486429E-02   -0.369600264E-16
   -0.412868533E-14   -0.370506683E-14   -0.108427182E-01
    0.127628986E-01   -0.599645633E-02   -0.971050558E-15
    0.783585496E-01   -0.123632824E-01    0.256164739E-15
    0.688903232E-14   -0.469111862E-14    0.880591019E-03
