    0.669954750E-14    0.716774415E-14   -0.814465560E+00
    0.669954750E-14    0.716774415E-14   -0.814465560E+00
    0.305276384E-14   -0.150525555E-13    0.115085676E+00
   -0.122416277E-14   -0.606742770E-14    0.120354448E+00
   -0.201932265E+00    0.414359352E-01   -0.201949536E-15
   -0.642313010E-16   -0.864223640E-14   -0.343353068E-01
    0.621232995E-14    0.171033139E-13   -0.207115131E+00
   -0.325137222E+00   -0.420980315E+00   -0.517289725E-14
    0.968005775E-15   -0.168992758E-14    0.178478061E-01
   -0.255303298E-13   -0.159006413E-13    0.179843492E+00
    0.285364348E+00    0.136705564E+00    0.857528015E-14
   -0.777679420E-14    0.262829278E-14    0.238275291E-01
    0.149953479E-13    0.460168807E-14   -0.343908754E-01
    0.309602838E+00    0.185005001E+00   -0.231130751E-14
    0.454796143E-14    0.148308858E-13   -0.223506261E+00
   -0.794261400E-14   -0.210354451E-14   -0.536404690E-01
   -0.291814452E-01   -0.375262788E-01    0.356698950E-14
   -0.218847058E-16   -0.430950542E-15   -0.372259586E-03
   -0.969943255E-15   -0.923105685E-15   -0.127207913E-01
    0.102704251E+00    0.686599715E-01    0.158280142E-14
    0.153358801E-14    0.211157693E-14    0.858626615E-02
   -0.283076982E-15   -0.974041225E-15   -0.152992245E-01
   -0.857108945E-01   -0.650245360E-01   -0.991166315E-15
    0.465662949E-14    0.143227277E-14    0.150056569E+00
    0.123741322E-14    0.706033765E-14    0.743361870E-01
   -0.886725565E-01   -0.662388535E-01    0.763936840E-15
    0.153380772E-14    0.650401610E-14    0.128577219E-02
    0.153867982E-14   -0.228103548E-14   -0.515411815E-01
    0.330911874E-01    0.415577211E-02   -0.108674057E-14
   -0.538908865E-14   -0.721084645E-15   -0.108025064E+00
    0.113506309E-13   -0.205204475E-15    0.140646710E+00
    0.966364960E-02    0.658639815E-01   -0.354685259E-14
   -0.166728153E-14   -0.265048409E-15    0.381262296E-02
   -0.129183288E-14   -0.271663415E-15   -0.515981020E-02
    0.337553126E-01   -0.237098695E-01   -0.688294150E-15
   -0.137347589E-14   -0.137946273E-14   -0.518782660E-03
    0.258177935E-14   -0.386758290E-16   -0.218909601E-01
    0.270822899E-02   -0.176876548E-02   -0.489799975E-15
